24 577 728 232 182 186 858 183 757 922 933 715 91 855 118 162 24 241 422 405 891 108 27 762 462 504 603 27 91 181 395 38 18 186 72 768 682 640 508 501 976 864 404 361 12 911 272 390 432 172 638 320 313 847 953 232 128 105 269 106 546 678 402 173
392 984 603 870 723 266 39 592 80 560 314 690 21 79 167 356 347 985 128 583 878 458 494 64 945 590 503 20 644 171 552 574 45 619 150 704 224 295 772 959 85 761 244 494 770 843 954 416 206 283 621 935 777 91 292 693 599 89 602 812 113 640 119 712
148 266 924 60 931 451 178 355 256 889 104 48 938 656 244 179 239 163 778 755 980 474 530 483 551 698 929 142 556 400 434 74 538 137 344 758 40 481 697 502 196 225 331 46 121 905 899 838 936 261 419 284 841 837 733 790 240 980 791 818 724 882 834 262
129 588 660 990 135 647 781 75 417 697 667 415 240 815 767 681 859 23 996 650 541 417 114 809 625 616 172 440 139 615 608 263 315 314 758 471 525 872 69 704 590 639 169 536 472 430 272 804 282 80 857 450 104 726 95 492 894 766 913 977 734 162 99 686
602 108 768 988 736 77 78 95 481 568 672 87 946 158 396 968 644 689 622 773 663 726 169 844 584 460 859 38 643 856 507 919 633 861 334 333 817 781 693 388 706 247 477 53 170 145 75 954 965 334 358 701 903 998 883 783 271 192 346 668 616 258 410 439
280 779 439 29 883 615 678 932 887 939 423 903 738 67 179 27 589 404 607 334 999 822 821 598 179 565 552 550 424 810 564 443 844 332 235 592 224 518 838 636 513 154 307 526 24 676 775 43 11 733 785 88 737 558 595 679 461 163 133 435 34 626 77 957
193 734 230 178 786 338 820 279 227 709 594 73 758 962 349 430 14 744 39 577 617 866 118 471 672 326 171 679 921 113 828 252 674 946 624 22 812 133 398 723 704 563 836 476 842 148 400 689 651 864 828 921 4 201 341 809 170 796 831 189 756 552 887 545
251 61 676 929 650 285 695 150 500 68 925 425 590 986 242 568 588 256 224 33 772 467 905 888 834 975 58 653 960 453 479 560 442 153 20 550 765 931 311 504 998 52 392 3 740 601 18 757 341 911 532 894 453 888 392 374 165 563 838 199 283 652 371 637
336 639 337 265 684 372 381 538 446 185 360 687 80 179 278 525 481 588 819 511 236 996 880 633 465 230 663 394 581 421 705 59 730 594 890 512 580 922 585 969 914 178 551 252 681 954 185 135 697 800 20 902 371 202 23 864 997 9 662 325 716 191 242 57
928 102 267 247 361 475 430 155 69 199 374 502 780 703 346 261 383 49 48 144 930 303 519 604 509 422 995 695 208 54 804 567 559 206 203 744 808 142 297 19 548 647 233 328 14 456 854 905 62 231 78 372 286 203 905 418 12 83 724 584 893 704 370 429
904 659 139 904 190 479 34 501 285 114 913 333 82 418 931 652 968 381 904 842 827 303 824 793 235 791 189 650 80 874 185 988 527 138 938 536 872 507 898 138 922 455 981 971 672 759 634 493 859 561 504 836 231 818 993 632 962 872 981 744 450 381 953 127
820 343 404 67 582 908 395 982 500 446 515 100 156 776 638 849 166 401 347 886 942 895 371 383 270 87 3 271 230 994 142 404 492 444 222 43 50 959 868 790 513 353 275 862 783 169 810 191 781 75 684 421 862 416 711 804 682 993 756 306 437 883 88 316
744 212 815 66 502 571 719 836 788 287 220 618 999 594 289 827 460 797 523 195 843 961 665 974 727 48 858 500 754 67 80 654 903 321 285 598 363 668 137 327 758 825 113 417 404 971 886 567 743 680 318 107 264 247 863 32 531 239 601 625 45 922 272 139
172 78 695 944 408 545 925 365 479 259 313 723 338 899 200 714 454 903 258 189 475 482 352 660 282 336 531 30 523 591 917 182 495 79 790 440 848 638 642 255 119 658 821 126 144 13 553 724 738 596 43 426 26 517 358 337 350 231 274 320 935 668 188 652
587 930 164 71 744 89 783 696 661 273 657 649 72 416 971 535 139 156 856 57 311 839 113 5 301 224 405 628 663 373 896 543 776 92 350 484 532 120 702 867 210 717 926 936 560 402 929 914 502 283 29 23 78 13 583 685 485 327 659 218 978 247 38 37
163 112 766 20 736 981 971 796 612 120 787 535 142 173 768 154 41 190 588 314 178 873 897 548 55 391 578 414 884 123 535 234 984 136 893 24 303 958 233 620 290 500 362 906 185 857 619 230 412 819 856 252 383 412 123 356 980 370 395 484 405 779 255 131
