384 34 592 567 197 498 543 308 674 820 982 870 66 418 684 80
329 206 172 709 921 319 764 836 503 424 23 195 212 318 382 315
134 346 322 435 570 490 132 172 505 890 921 201 36 953 396 588
524 262 607 712 600 297 960 955 982 428 558 954 204 510 507 990
18 383 30 579 618 850 92 24 529 347 910 932 62 625 211 549
623 733 306 184 912 991 177 723 323 523 22 272 167 823 955 75
886 827 403 840 206 273 832 313 355 432 341 65 285 824 119 67
376 504 646 975 647 167 736 713 677 866 344 8 523 15 864 890
516 288 825 447 303 416 479 121 224 840 101 525 261 560 658 511
748 833 60 823 703 595 673 49 433 924 909 12 841 372 144 883
244 461 36 19 753 839 326 292 747 247 491 192 679 337 433 249
958 547 456 999 999 370 87 62 730 878 73 845 804 125 615 453
621 620 584 499 468 59 634 424 760 306 523 427 610 969 856 144
732 353 435 696 239 914 157 285 886 205 538 805 875 202 766 344
643 179 145 739 605 906 935 18 493 216 335 705 142 245 122 505
645 42 200 904 649 827 764 822 654 889 539 768 407 585 237 962
29 502 790 120 417 174 322 328 628 576 644 241 115 2 356 86
983 16 87 871 965 857 572 425 190 250 573 363 285 219 568 938
36 38 995 177 206 863 555 688 814 665 908 964 805 136 856 690
465 365 373 8 531 353 71 611 679 526 758 421 983 233 154 289
995 863 394 73 701 77 185 311 442 155 274 393 462 592 760 469
933 185 893 781 936 282 24 262 299 607 654 420 574 329 856 4
625 733 506 15 528 597 195 749 203 895 666 149 970 788 873 260
471 658 816 793 393 60 927 992 390 62 311 480 685 377 664 73
816 475 173 767 543 522 814 786 126 695 803 582 907 133 602 221
84 380 321 144 215 760 369 654 346 654 123 130 112 176 494 279
895 494 91 506 337 376 775 611 317 11 23 484 90 795 929 514
148 273 203 620 472 702 998 653 487 72 596 871 11 161 517 679
902 259 539 773 26 96 380 445 206 316 719 547 187 710 582 713
849 404 303 250 237 572 454 405 260 406 861 392 666 179 171 454
599 915 788 155 930 309 617 674 535 144 537 129 145 14 893 320
456 797 187 683 124 549 888 721 448 925 162 989 650 45 407 876
264 328 932 826 831 18 17 292 571 935 324 456 99 709 525 622
888 639 179 207 883 439 717 547 718 370 473 148 538 618 743 88
871 667 352 255 651 666 554 86 523 920 945 45 129 854 891 889
55 631 347 688 975 535 625 925 373 331 698 337 377 184 199 750
529 761 860 949 743 938 277 864 910 86 271 929 133 620 635 49
983 163 537 45 952 327 816 415 151 581 755 474 729 351 818 170
918 956 263 582 997 361 474 15 888 170 538 797 750 698 237 426
877 730 621 41 366 386 227 588 332 523 27 916 81 791 375 836
690 151 582 599 866 726 437 179 295 510 809 44 266 664 600 396
371 845 926 494 78 827 208 481 345 857 581 136 993 347 637 803
863 49 98 167 829 92 878 913 735 288 627 254 200 158 52 753
169 747 980 820 365 822 127 615 287 901 147 327 563 334 533 810
725 690 341 63 711 696 467 704 241 493 80 48 712 316 310 550
642 593 654 220 680 587 292 106 327 598 293 539 765 565 900 321
106 409 409 242 894 576 904 78 281 827 234 33 892 174 384 54
13 502 884 966 651 892 240 795 750 636 514 909 850 149 292 808
827 644 708 423 422 828 555 234 249 583 855 326 905 587 440 225
650 208 556 401 825 871 32 423 953 443 290 553 405 566 486 533
839 776 763 893 300 712 426 608 585 77 789 365 530 632 467 629
358 800 259 626 699 687 464 357 842 634 434 297 596 736 435 717
755 805 171 347 1 508 26 968 481 289 710 142 366 789 570 606
258 430 633 120 857 450 852 537 329 723 522 764 681 241 103 731
909 583 359 76 508 340 279 543 646 322 358 463 607 761 661 62
41 353 769 387 175 285 600 417 216 562 405 114 646 640 580 108
896 861 439 982 831 929 597 928 377 310 536 407 926 501 677 935
857 927 214 803 903 704 790 118 227 585 634 124 933 425 743 415
673 315 92 425 15 35 167 683 972 526 293 855 881 476 457 689
638 972 487 536 766 363 625 893 552 312 564 659 619 603 716 271
176 409 640 516 595 352 214 185 191 935 451 665 920 483 547 944
255 463 978 583 33 54 489 8 282 438 344 583 140 171 580 896
712 639 760 276 458 483 339 312 499 52 814 573 238 363 370 896
850 786 657 42 244 405 797 333 686 451 596 658 916 987 534 301
134 634 623 519 875 347 725 628 495 517 92 637 150 639 983 920
765 190 754 678 380 247 692 155 997 842 156 707 223 239 231 76
639 617 322 933 616 83 551 854 402 604 673 781 776 783 308 843
687 818 317 225 231 596 862 114 645 977 975 988 240 994 694 211
345 681 123 585 144 734 636 452 888 13 987 879 400 112 678 918
745 765 776 478 788 323 436 826 500 840 542 695 980 913 356 324
97 957 730 856 526 614 930 571 599 745 265 485 370 757 246 564
752 259 668 876 663 576 610 285 94 146 604 359 968 280 282 411
541 201 730 103 885 261 825 333 15 202 452 170 4 327 542 832
916 551 204 974 670 586 43 665 160 882 423 542 293 92 767 87
463 212 751 348 718 886 344 676 748 968 920 725 410 154 538 920
34 875 590 523 999 374 321 331 358 706 129 936 30 992 387 148
491 182 541 649 679 355 128 28 808 147 529 199 103 960 589 527
129 698 909 945 190 155 976 148 485 696 27 932 566 647 601 955
8 588 774 153 217 941 479 726 588 737 208 249 849 639 534 545
488 120 374 738 399 95 725 303 986 243 492 562 18 9 881 44
69 463 9 334 596 962 450 17 574 668 254 869 675 649 854 168
