0 0 0 760 0 760 0 0 0 760 760 760 760 0 0 760 0 760 0 0 0 0 0 0 760 0 0 760 0 760 0 760 0 0 0 0 0 760 0 760 760 0 760 0 0 0 0 0 0 0 0 0 0 760 0 0 760 0 0 0 0 0 0 0
0 0 760 0 0 0 0 0 0 0 760 0 0 0 760 0 0 0 0 760 760 0 0 0 760 0 0 0 760 0 0 760 0 0 0 0 0 760 760 760 0 0 0 760 0 0 0 0 0 0 760 0 0 0 760 0 0 760 0 0 0 0 760 0
0 0 0 0 0 0 0 0 0 0 0 0 0 0 0 0 0 0 0 0 0 760 0 0 0 0 0 0 0 0 0 0 0 760 760 0 760 760 0 0 760 760 0 0 760 760 0 0 0 760 0 760 0 760 0 0 0 0 0 0 760 0 0 0
0 760 760 0 0 0 0 0 0 0 0 760 0 0 0 0 0 0 0 0 0 0 760 760 0 760 760 0 0 0 760 0 0 760 0 0 0 760 0 760 0 0 0 0 0 0 0 0 0 760 760 0 0 0 0 0 0 760 760 0 0 0 0 0
760 0 0 760 0 0 0 0 0 0 0 760 0 0 760 0 0 0 0 760 760 0 0 0 0 0 760 0 0 0 0 0 0 0 0 0 0 760 0 0 0 0 0 0 0 0 0 0 760 0 0 0 0 760 760 760 0 0 760 0 0 0 0 760
0 0 0 760 0 0 0 760 760 0 0 0 0 0 0 0 0 760 0 760 760 760 0 0 760 0 760 0 0 0 0 0 0 0 0 0 0 0 760 0 0 760 0 0 760 0 0 0 0 0 0 0 0 760 0 0 0 0 0 0 0 0 760 0
0 0 0 0 0 0 0 0 0 760 0 0 760 760 0 0 0 760 760 0 0 0 0 0 0 0 0 0 0 760 760 0 0 0 0 0 0 0 760 760 760 0 0 0 0 0 0 760 0 0 760 760 0 0 0 0 0 0 0 0 760 760 0 760
0 0 0 0 760 0 0 0 0 0 0 0 0 0 760 0 0 0 760 0 0 0 760 0 0 0 0 760 0 0 0 0 0 0 0 760 0 0 0 0 0 0 760 0 0 0 0 0 0 760 0 760 0 0 760 760 0 0 0 0 0 0 0 0
760 0 760 760 0 760 0 760 0 0 0 0 760 760 0 760 0 0 0 0 760 0 0 0 0 0 0 0 0 0 760 0 760 0 0 0 0 760 0 760 0 760 760 0 0 760 0 0 0 0 0 0 0 0 0 0 760 0 760 760 760 0 0 0
0 0 0 0 0 0 0 0 760 0 0 0 0 760 0 0 760 0 0 0 0 0 0 0 0 760 0 0 0 0 0 760 760 0 760 760 0 760 760 0 760 0 0 0 0 0 760 760 760 0 0 760 0 0 0 0 0 0 0 760 0 0 0 0
760 0 0 0 0 0 0 760 0 760 760 0 0 0 760 0 0 0 0 0 0 0 0 0 760 0 0 0 760 0 0 0 0 0 0 760 760 0 0 0 0 0 0 0 0 760 0 0 0 0 0 0 0 0 0 0 0 0 0 760 760 0 0 760
0 0 0 0 0 0 0 0 760 0 760 760 0 0 0 0 760 0 760 0 0 0 0 0 0 0 0 0 0 0 760 0 0 0 0 0 0 760 0 0 0 0 0 0 0 0 760 0 0 760 0 0 0 0 0 0 0 0 0 0 760 0 0 0
0 0 0 0 0 0 0 760 760 760 0 0 760 0 0 760 760 0 0 760 0 0 0 0 0 0 0 0 0 0 0 0 760 0 760 0 0 0 760 0 760 0 0 0 760 760 0 0 760 760 0 0 0 760 760 0 760 0 0 0 0 0 0 0
0 0 0 0 0 0 0 0 0 0 0 0 760 0 0 0 0 0 0 0 0 0 760 760 0 760 0 0 0 0 0 0 0 0 0 760 0 0 0 0 0 0 0 0 760 0 0 0 760 760 0 0 0 0 760 0 0 0 760 0 0 0 0 0
0 0 0 0 760 0 0 0 0 0 0 0 760 0 0 0 0 760 0 0 0 0 0 0 0 760 760 0 0 0 760 760 760 0 0 0 0 0 0 760 0 0 0 0 760 0 0 0 0 0 0 760 760 0 760 0 0 0 0 0 0 760 0 0
0 0 760 0 760 0 0 0 0 0 0 760 0 0 0 760 0 760 0 760 0 0 760 0 0 0 0 760 0 0 0 760 760 0 0 0 0 760 760 0 0 0 0 0 0 0 0 0 0 0 0 0 0 0 0 0 760 0 0 0 760 0 0 0
