701 389 721 186 791 276 202 712 66 128 781 928 50 645 440 165 869 725 368 565 349 350 890 433 289 117 476 997 249 255 843 11 594 99 621 851 412 19 784 130 477 132 699 234 516 607 489 830 796 619 474 509 120 599 785 264 792 976 369 198 444 9 856 745 185 798 64 841 71 652 655 991 629 254 542 350 914 122 766 190 652
194 698 444 446 276 403 25 832 568 759 841 477 192 696 197 255 901 983 82 447 837 617 903 302 561 316 48 956 459 159 319 897 285 780 31 629 200 605 603 691 865 101 599 844 753 96 428 357 96 294 952 288 264 716 880 332 470 26 742 299 875 918 615 865 226 923 187 29 466 909 812 749 549 750 613 148 665 283 124 287 846
283 12 225 275 314 974 488 750 205 879 508 707 28 592 756 880 703 256 321 440 460 726 387 630 873 379 273 614 155 526 116 882 78 107 62 282 368 68 460 826 655 519 434 770 426 974 846 677 798 977 417 464 505 606 418 921 630 666 404 104 522 275 900 842 58 241 288 82 111 945 534 793 518 927 684 819 666 693 154 340 843
988 128 530 15 214 76 509 350 311 78 746 859 814 574 41 408 593 733 743 305 264 140 94 452 368 965 433 929 435 859 616 738 116 63 319 709 292 980 205 201 223 320 774 104 620 860 191 334 17 48 463 855 740 656 841 458 36 888 282 11 360 587 338 757 178 518 726 921 554 803 117 920 438 738 413 942 384 309 605 305 246
153 290 204 658 718 143 756 856 827 237 18 286 105 678 1 635 275 921 92 942 655 214 671 931 425 892 831 854 545 569 88 999 46 306 808 285 929 812 773 882 904 722 713 152 889 774 586 566 952 939 3 672 614 158 119 736 320 852 804 873 59 849 661 228 497 544 463 41 269 8 459 137 291 692 220 132 20 179 564 70 199
446 2 106 36 965 111 494 698 830 917 292 663 611 717 807 644 744 241 537 675 317 623 334 80 981 972 527 28 690 424 234 462 365 517 714 9 742 522 398 195 761 418 595 341 828 628 68 361 88 972 852 690 165 788 694 725 169 112 967 806 350 925 748 181 573 835 279 664 734 188 359 597 438 183 894 122 268 932 115 47 707
610 548 63 96 882 205 885 412 350 202 734 936 49 795 727 48 640 848 630 325 786 477 342 811 507 432 745 914 537 595 976 661 979 974 128 239 987 302 17 365 986 195 373 214 235 142 716 672 998 289 636 659 773 260 322 223 280 546 560 810 536 361 747 253 333 217 302 550 303 582 216 772 941 553 510 448 505 43 730 158 657
63 899 765 284 224 125 54 699 325 32 690 359 999 952 291 174 865 92 208 295 467 689 701 557 297 938 446 76 809 593 665 806 69 755 465 604 76 623 711 741 977 459 642 684 781 235 489 225 782 513 673 209 888 451 995 199 990 548 146 319 741 569 92 247 289 753 514 173 901 516 820 438 570 689 145 338 98 508 779 568 735
709 549 293 404 772 442 13 305 735 752 594 263 963 256 748 825 920 323 5 381 231 794 418 328 999 830 311 326 980 602 525 118 36 439 325 744 875 657 153 922 169 203 187 477 213 94 350 691 971 711 642 741 673 658 385 317 695 500 733 33 101 480 62 862 480 248 734 632 879 140 828 439 545 705 846 439 926 204 940 262 557
881 366 952 439 317 948 184 442 634 525 959 528 577 783 766 512 728 200 60 156 962 163 583 711 496 843 454 181 997 193 631 958 318 649 906 867 861 221 652 354 308 2 198 348 765 177 710 837 398 245 556 872 944 881 90 400 972 400 176 138 168 16 711 521 472 413 395 913 14 649 585 111 276 985 681 836 592 48 368 640 639
388 922 374 552 156 922 791 298 209 913 468 641 163 245 241 225 225 555 979 850 869 88 404 201 273 565 328 713 905 392 118 924 133 269 971 232 64 897 68 823 24 598 428 556 286 979 379 373 218 96 492 846 63 176 788 845 901 128 591 249 768 789 252 809 722 102 257 644 865 18 831 402 985 434 692 788 562 910 27 314 220
397 675 862 205 528 275 975 234 671 350 430 394 205 495 69 785 678 164 32 649 624 203 269 451 814 501 751 781 473 599 573 511 438 147 861 975 168 562 572 342 499 690 295 924 952 401 204 502 954 276 749 166 812 709 605 914 674 881 678 629 544 513 382 312 204 357 957 603 605 829 183 993 431 848 575 49 207 858 793 353 662
957 175 154 658 624 634 442 420 400 121 829 949 662 322 306 34 970 854 520 760 291 821 111 179 718 287 233 715 857 253 258 684 566 166 137 530 638 277 37 814 761 391 800 559 996 806 88 473 765 591 387 603 185 130 261 15 638 809 462 962 741 404 644 302 172 300 917 18 932 149 349 74 650 306 261 300 235 901 339 943 596
431 512 646 117 656 791 887 382 740 503 910 687 487 551 353 982 371 859 898 846 67 522 717 620 458 34 925 562 111 767 394 438 785 28 794 634 425 337 773 150 800 175 969 567 230 354 23 940 915 522 69 625 724 742 5 500 444 510 380 32 89 738 166 593 998 615 857 28 954 114 692 914 105 848 575 658 442 905 114 55 579
930 198 614 855 139 304 133 728 334 253 31 595 411 640 67 443 874 134 582 187 533 993 383 127 325 102 387 447 599 39 199 690 827 722 924 383 261 766 433 646 576 700 320 44 107 357 110 940 389 985 303 931 910 277 532 726 792 453 284 373 316 249 417 186 768 553 990 320 405 141 572 580 724 991 349 699 124 48 791 347 829
562 433 150 437 630 999 78 824 726 592 713 265 327 559 31 779 507 761 586 537 622 794 624 909 884 911 709 448 759 360 366 685 643 574 199 921 733 849 518 848 46 259 844 725 588 729 917 532 789 545 807 151 919 455 825 650 989 676 829 198 912 206 693 871 554 802 591 751 945 734 588 560 786 66 16 790 373 722 128 439 575
840 481 47 732 346 736 522 951 436 913 806 50 303 847 680 558 330 580 240 122 991 264 577 894 555 582 320 742 389 52 849 882 293 473 482 391 114 122 147 27 879 920 463 28 504 468 194 221 837 906 998 218 478 433 15 802 478 754 111 518 770 335 476 639 294 599 602 139 85 249 504 797 739 498 803 351 455 855 787 200 989
948 333 343 282 809 825 774 394 198 946 449 368 608 30 871 647 368 157 88 484 883 441 503 43 883 535 250 446 258 166 146 541 988 252 832 40 665 636 935 442 233 10 137 540 815 454 755 564 570 514 70 674 273 3 547 300 819 399 204 568 310 720 774 43 162 338 951 856 894 645 683 382 282 418 767 7 781 39 9 150 419
997 850 19 398 771 341 774 596 50 349 181 73 115 542 412 288 307 516 642 203 759 153 112 475 854 59 488 649 718 728 954 311 360 278 904 763 660 177 117 43 590 35 99 952 258 949 559 295 623 724 483 176 988 763 663 873 546 644 566 315 570 273 909 703 829 44 382 274 67 883 717 383 132 340 744 666 58 104 107 633 286
416 713 75 358 268 607 72 759 434 731 389 545 716 806 527 389 842 652 823 429 491 543 608 686 349 46 612 203 360 198 229 680 17 639 75 5 834 321 831 725 577 374 826 422 474 992 700 933 670 642 681 295 464 660 630 412 35 676 298 135 497 826 613 420 123 715 995 635 999 325 447 457 97 727 392 95 919 326 74 417 206
122 761 407 639 969 565 249 336 976 330 111 219 799 889 470 256 586 145 566 561 283 391 442 816 466 635 43 376 326 320 497 712 9 654 836 415 86 916 132 579 521 200 432 683 855 676 622 195 311 301 183 18 565 55 984 713 556 55 567 412 135 814 105 637 528 296 751 879 716 123 80 527 738 44 99 568 213 66 677 731 995
581 230 990 241 494 637 40 888 71 701 142 165 699 689 39 969 644 381 529 621 561 484 453 591 13 176 557 778 317 645 947 959 467 168 931 10 505 450 110 239 39 480 95 159 890 653 59 868 150 636 587 82 636 469 211 810 570 171 945 627 855 364 469 187 64 808 236 876 564 790 999 666 48 337 386 266 712 274 835 448 795
881 865 447 657 382 318 224 476 111 814 429 284 745 943 85 731 443 766 443 19 925 20 170 117 296 333 715 19 968 620 138 830 272 386 813 438 624 25 772 440 506 799 811 115 885 188 265 971 509 696 255 993 726 456 149 65 314 554 251 330 734 943 648 629 69 267 317 812 307 806 695 540 739 54 879 120 218 423 94 507 898
822 19 751 806 496 362 969 746 844 762 316 283 228 726 40 412 266 472 600 407 298 585 842 358 924 751 675 584 748 767 121 16 953 221 183 46 440 915 830 869 712 788 898 499 394 277 838 929 105 555 789 758 298 483 641 59 243 211 239 321 776 245 632 498 760 213 224 765 123 650 288 464 92 441 969 730 768 315 194 641 219
65 7 268 430 486 364 833 961 451 667 410 154 721 988 513 279 618 654 312 406 914 160 642 385 667 36 284 780 276 548 4 939 117 861 580 644 832 824 836 985 503 469 974 264 257 913 849 366 63 581 223 796 365 676 410 801 532 566 572 304 487 999 394 783 816 3 153 464 610 390 711 604 593 225 102 455 815 324 94 205 242
128 415 687 507 607 944 529 411 849 445 775 884 724 522 920 902 81 965 105 922 370 12 891 63 525 100 39 935 791 280 842 93 59 15 967 227 261 160 150 105 419 511 638 279 136 225 685 839 423 347 212 60 706 853 255 369 434 173 467 710 699 764 617 49 380 980 147 215 142 56 860 141 672 401 884 629 338 603 474 771 873
503 885 329 367 754 59 701 100 64 968 67 700 363 601 3 858 664 385 822 624 652 725 60 124 732 612 474 44 76 243 664 44 226 838 882 124 251 945 777 882 916 994 564 548 67 815 24 690 138 755 929 902 463 490 472 806 144 772 556 223 550 134 275 632 314 258 241 338 593 358 233 537 968 8 279 494 797 969 498 773 484
269 759 339 139 55 447 596 421 414 307 302 102 173 371 672 307 877 57 482 979 515 800 485 490 19 627 236 801 737 717 550 151 509 558 327 809 480 2 256 500 515 229 341 101 280 344 801 541 846 391 10 94 513 854 757 912 490 847 279 196 34 661 827 901 599 501 175 649 424 84 582 127 902 420 16 915 852 705 532 710 31
62 62 310 972 346 573 458 55 963 273 800 852 615 337 166 173 911 990 439 242 764 354 970 711 132 447 991 693 687 257 791 163 629 374 289 655 260 937 740 276 726 278 583 263 927 277 272 294 739 341 964 924 415 346 61 33 478 316 780 721 363 642 662 893 783 794 189 244 857 509 963 48 900 390 140 882 977 149 549 714 756
830 230 81 112 996 482 407 375 391 673 758 141 236 40 536 655 888 465 419 535 341 382 879 110 139 739 858 273 661 492 362 885 417 193 246 867 157 947 55 66 369 896 161 858 103 235 184 767 632 376 893 417 813 127 48 891 341 563 26 350 63 845 166 328 472 104 405 50 51 161 111 772 244 954 108 303 9 796 222 969 278
52 116 266 42 954 264 69 55 748 476 284 286 77 590 294 229 201 623 303 346 956 125 737 201 833 704 21 440 975 204 412 511 420 158 109 848 624 746 191 964 514 287 386 267 755 38 248 70 588 903 137 968 276 974 423 909 841 535 440 351 502 175 553 73 96 190 241 836 474 878 107 787 682 286 434 933 599 155 736 785 566
904 243 831 25 770 436 647 852 868 720 216 538 468 873 826 421 691 902 26 966 565 237 1 724 337 527 830 238 355 366 758 533 291 149 311 495 368 580 480 155 224 529 374 523 966 55 57 865 624 561 737 273 882 73 635 748 714 455 391 442 74 424 635 425 635 80 155 307 772 155 639 407 323 622 56 436 612 902 668 534 332
715 452 714 26 55 947 972 118 668 630 355 505 592 451 174 622 503 135 117 684 228 652 478 332 778 294 312 225 846 122 36 424 565 906 421 331 478 914 321 23 685 861 983 26 65 845 303 615 22 778 966 234 66 695 93 974 717 975 137 646 783 689 790 265 659 713 407 234 310 276 326 987 943 607 721 429 338 946 3 741 155
220 782 809 88 945 665 471 840 66 895 456 611 417 318 455 963 177 594 122 120 843 358 445 641 616 141 23 572 174 790 568 146 533 792 257 859 42 520 205 778 302 560 567 724 799 820 869 29 185 124 464 637 182 313 209 551 476 809 490 812 930 267 460 917 203 855 738 100 893 679 874 200 304 502 419 33 636 424 630 931 88
336 674 512 961 79 494 410 834 202 567 458 751 933 1 392 147 924 497 751 912 71 813 185 144 231 949 385 681 144 73 267 948 717 486 591 541 13 945 410 263 272 133 913 369 588 166 746 758 99 578 383 782 493 998 964 64 14 112 314 522 866 255 603 395 667 730 103 672 958 723 766 550 106 330 737 141 812 679 968 138 367
342 272 475 80 126 618 205 324 961 839 234 748 131 322 785 224 138 432 161 535 222 252 523 302 581 234 129 65 597 103 886 408 750 824 67 876 508 964 195 4 289 576 866 160 506 645 103 275 625 439 859 529 141 706 586 605 403 360 900 234 358 726 960 88 264 585 895 390 432 16 728 21 15 980 46 845 862 779 513 243 883
728 221 498 479 726 556 521 290 761 123 562 224 157 382 449 475 953 512 48 983 39 123 719 481 977 507 183 996 429 774 752 445 655 951 897 41 785 17 144 608 731 290 457 242 807 361 683 122 969 771 184 999 881 545 899 582 957 390 994 700 875 266 13 176 983 692 568 91 995 867 454 517 868 174 888 220 618 414 608 4 793
881 807 884 982 221 994 541 871 814 55 307 852 314 340 96 37 444 468 507 239 115 423 259 972 301 365 971 564 479 371 322 84 551 248 705 261 649 135 672 43 206 702 837 472 379 617 214 214 827 397 248 497 971 111 399 756 929 110 387 173 553 524 211 834 846 74 796 350 853 662 541 161 512 896 117 531 604 27 42 633 487
106 676 62 572 348 797 484 729 424 407 728 324 313 922 265 990 330 781 957 677 116 912 775 140 656 28 54 986 62 144 772 66 711 134 420 66 989 876 246 104 974 787 43 900 781 621 273 103 497 799 81 691 911 961 767 332 33 758 793 580 453 14 49 994 378 886 659 113 326 494 310 199 451 651 812 624 270 95 443 656 108
754 569 979 745 78 228 760 78 528 175 417 544 12 422 303 988 165 108 732 60 578 180 735 599 478 260 401 822 842 301 294 199 765 814 377 455 771 356 296 819 292 948 603 78 974 791 548 122 633 362 37 583 1 691 951 6 433 458 619 473 504 968 911 454 986 744 531 745 2 931 229 178 107 215 106 973 176 887 118 276 940
404 568 702 313 118 286 37 551 207 182 368 102 724 400 656 547 814 45 173 360 331 225 646 240 271 185 441 675 291 611 872 385 446 82 852 530 326 467 786 470 351 229 515 538 591 929 818 927 838 271 489 325 682 857 131 462 103 67 649 984 626 452 119 761 789 17 683 125 611 562 121 370 93 699 694 749 831 224 703 971 277
256 813 506 81 585 219 987 919 49 987 79 101 84 769 40 65 336 363 447 431 755 711 104 620 747 39 221 488 802 922 270 82 843 968 11 249 187 46 915 537 770 960 580 686 916 222 496 163 425 663 439 980 361 158 402 834 357 501 596 764 99 275 116 373 585 372 707 42 699 269 281 844 26 346 769 138 715 877 746 498 170
805 358 283 85 470 296 888 589 728 24 643 805 855 227 416 940 237 138 801 67 134 484 539 469 546 306 366 888 343 528 308 48 683 114 816 132 583 183 502 207 70 75 801 956 921 773 71 633 819 251 878 841 847 158 988 75 301 643 275 766 145 761 425 809 968 432 610 365 858 169 530 959 242 130 320 372 342 241 662 602 770
960 678 792 370 399 301 850 541 339 522 488 23 255 630 921 416 448 973 977 851 542 505 479 295 401 701 19 459 773 981 573 411 714 993 694 145 285 986 341 908 748 782 144 30 840 818 322 500 34 369 960 345 17 781 231 570 626 18 636 181 192 655 955 53 720 951 8 908 716 341 395 921 888 344 477 748 770 528 685 678 559
922 488 628 33 540 899 318 990 636 573 237 17 905 880 600 565 165 866 152 737 10 990 998 833 64 203 163 516 431 915 116 639 930 720 825 411 807 435 32 990 74 868 821 160 22 202 756 916 650 664 123 817 795 20 971 378 787 94 329 291 167 507 909 334 299 764 609 232 392 589 219 347 832 395 189 49 493 641 562 8 102
35 832 888 999 835 652 610 246 93 357 873 513 971 539 485 67 149 280 453 458 652 113 792 68 558 857 658 274 681 214 276 278 748 696 613 418 1 909 249 764 548 906 590 737 715 757 21 430 600 783 716 798 581 726 45 109 455 624 915 333 176 372 622 646 826 756 87 413 746 9 307 962 574 121 385 738 678 857 217 234 133
216 315 610 950 505 912 309 720 512 187 495 297 863 58 972 971 371 948 771 389 45 637 438 490 986 868 530 49 778 697 445 756 287 175 876 191 928 875 317 113 883 478 807 205 645 849 954 42 73 364 663 520 119 590 987 45 757 904 422 865 480 288 575 449 828 565 447 403 834 916 529 815 372 133 306 175 660 835 776 582 556
305 584 125 518 334 887 102 454 736 439 827 836 240 860 823 168 633 806 724 962 191 502 211 940 76 448 330 2 198 472 380 943 125 136 11 919 860 188 222 432 467 129 913 547 224 88 612 928 214 564 336 233 158 534 121 836 656 840 245 282 958 726 955 644 762 808 676 421 275 565 9 245 248 653 240 899 948 133 189 98 152
110 952 20 726 133 621 389 464 508 971 650 864 345 463 573 867 838 835 272 645 798 284 516 513 655 47 724 978 941 866 646 896 104 667 82 206 600 855 305 306 239 157 950 805 335 216 655 339 997 263 698 860 840 261 39 532 244 240 857 344 234 107 124 898 460 264 49 469 493 916 717 79 80 494 844 875 204 410 712 105 396
209 105 902 433 489 307 642 149 767 922 814 547 388 802 96 109 991 763 188 106 596 919 514 185 145 119 493 644 537 434 823 276 246 359 275 406 287 320 229 199 213 558 347 690 331 379 785 679 878 141 806 679 418 400 154 711 899 485 610 996 357 814 542 234 319 44 589 692 715 579 683 443 582 835 457 671 542 876 871 193 952
819 622 733 847 445 744 666 790 741 292 284 966 581 323 984 659 628 485 537 869 148 506 609 250 947 25 804 419 280 274 95 409 514 248 957 964 462 869 425 881 100 507 319 457 715 310 434 254 826 185 722 541 173 551 751 20 793 425 910 501 898 29 634 7 896 391 73 283 870 506 685 591 615 112 690 312 590 752 664 921 784
182 872 368 174 906 146 841 990 574 929 785 514 613 488 861 592 772 583 812 350 252 859 647 896 125 298 930 299 930 839 716 358 147 363 618 976 51 338 689 562 344 32 983 947 773 130 382 177 627 564 144 796 74 292 117 37 633 182 521 245 876 457 422 55 869 967 657 626 460 420 250 397 564 210 423 438 616 107 714 142 608
527 895 880 21 910 769 623 735 114 289 508 430 750 563 60 721 341 622 691 523 474 283 259 241 880 875 78 388 403 660 825 576 706 34 958 839 211 545 930 591 908 488 341 240 242 599 218 652 394 659 680 105 622 657 539 723 336 440 650 961 668 927 304 646 790 186 270 156 533 929 738 107 536 106 942 975 834 950 512 243 526
42 745 366 181 659 437 652 571 371 54 737 351 445 287 778 211 390 343 180 427 717 375 418 429 74 277 592 235 969 540 606 379 247 274 559 439 914 159 886 353 450 586 218 907 337 708 755 927 779 498 771 446 396 811 952 656 993 515 524 487 84 309 679 448 653 308 607 861 42 584 963 530 149 925 599 891 281 32 365 458 434
950 612 987 499 347 804 650 66 70 417 242 237 285 729 844 867 893 809 154 184 383 372 8 937 420 709 193 730 837 718 854 564 859 559 675 423 88 171 354 446 775 292 38 652 625 571 965 143 927 970 787 710 185 135 317 807 581 241 958 367 747 533 822 368 341 267 278 799 769 452 370 759 722 701 366 299 969 230 20 803 978
75 345 537 825 769 829 667 383 639 526 542 477 441 133 150 583 636 876 976 491 948 950 817 521 791 556 648 714 681 162 89 61 951 451 911 826 45 794 294 270 469 786 722 635 454 668 553 693 772 764 588 480 86 136 719 333 621 912 81 3 52 865 32 337 516 420 228 222 609 826 780 685 260 391 568 58 320 207 838 899 924
193 556 242 173 444 211 28 790 224 233 253 791 736 502 110 292 952 557 980 957 788 552 911 575 100 725 271 678 85 518 86 692 8 348 585 91 253 256 422 715 481 212 493 376 970 751 674 77 851 323 913 103 258 801 865 859 356 373 123 802 346 104 248 163 64 589 556 89 300 771 588 566 870 116 27 67 438 454 693 95 750
748 429 609 32 394 525 157 493 558 608 693 415 113 853 633 167 884 22 455 954 69 240 21 333 863 236 750 18 438 918 586 674 812 739 888 506 296 801 334 88 422 670 789 336 12 234 299 241 684 117 767 862 545 966 782 431 673 549 997 153 153 528 946 899 688 508 663 987 986 829 852 841 621 678 414 579 5 725 328 294 312
424 633 519 464 551 664 718 634 875 176 231 58 198 576 150 275 324 682 668 812 264 486 258 471 954 860 982 401 892 32 461 356 411 558 407 944 494 138 711 803 955 682 909 812 672 638 950 973 725 906 329 993 953 308 221 959 644 190 846 617 398 85 560 420 531 458 840 84 393 967 247 729 274 495 93 160 150 278 445 444 406
726 167 308 87 457 430 589 128 880 431 841 766 688 328 778 582 555 561 956 15 206 99 968 76 454 449 694 675 513 322 97 847 509 474 661 314 32 164 750 535 450 192 652 996 119 26 26 408 898 66 766 719 181 571 174 105 687 947 79 722 21 467 589 364 604 973 605 677 793 586 673 467 28 540 7 948 715 517 555 885 510
907 62 316 252 608 612 739 168 437 995 955 467 965 224 487 67 462 893 88 229 920 83 629 928 970 2 22 320 972 754 320 466 166 24 758 554 207 649 92 757 67 196 668 606 31 466 179 400 214 167 628 414 548 220 967 280 98 740 316 391 205 702 529 892 566 410 414 435 558 610 420 649 747 222 305 539 556 895 209 80 728
673 699 790 849 669 617 148 398 115 159 258 980 194 365 632 841 927 297 838 373 324 255 184 818 504 305 537 151 396 927 726 210 32 391 363 559 648 98 102 922 24 825 94 255 609 589 85 711 484 568 542 648 120 433 370 882 139 951 709 38 698 482 109 950 3 562 61 462 9 960 233 704 470 219 481 206 102 130 937 3 529
953 584 317 985 165 534 868 323 679 378 651 195 635 509 614 645 891 586 982 147 600 540 187 655 228 353 683 569 934 409 929 139 957 526 14 798 659 388 861 970 600 644 40 527 424 760 751 732 304 390 602 10 546 732 952 211 170 60 602 347 945 254 313 463 352 915 325 911 610 892 633 981 737 567 277 565 266 383 991 75 546
370 233 773 866 46 402 458 782 592 73 49 42 939 349 219 3 973 32 428 804 782 719 278 586 55 315 275 9 404 167 516 748 944 28 363 367 379 404 784 525 924 507 241 718 829 487 138 168 178 393 277 299 206 886 848 225 14 492 421 251 508 859 997 139 195 971 795 917 938 152 471 168 614 935 866 715 823 103 999 381 428
106 295 821 165 202 619 681 850 723 393 86 206 461 680 739 879 561 962 881 516 52 689 340 931 998 873 481 895 468 711 303 724 772 943 845 881 20 358 130 818 779 454 258 994 48 946 10 67 157 695 317 990 180 874 456 48 968 562 69 661 205 615 824 242 133 97 879 758 630 962 682 638 77 843 460 195 477 639 849 138 310
831 81 15 892 488 580 269 649 977 836 395 210 78 904 951 701 911 774 26 27 937 531 952 185 172 890 397 701 443 262 293 144 556 193 252 549 881 898 123 841 874 549 8 386 521 891 778 148 639 653 455 352 297 821 981 188 891 79 199 498 961 795 395 846 411 977 203 248 127 385 443 762 422 509 658 92 2 666 848 809 869
107 986 673 160 636 340 884 590 544 257 781 65 276 961 746 8 990 843 676 357 687 500 638 61 294 988 802 143 203 364 693 366 79 371 691 960 668 586 352 988 411 662 381 895 726 952 132 576 113 339 256 665 858 593 315 844 477 258 305 390 419 273 621 631 99 194 387 889 875 367 801 59 287 586 226 367 312 46 546 432 14
935 227 710 965 824 653 695 630 175 929 377 341 67 110 270 838 173 509 274 103 933 752 648 568 810 812 470 595 984 449 62 729 401 79 230 970 702 389 282 737 159 803 194 995 17 440 399 911 24 228 999 531 222 452 770 936 637 587 140 911 205 680 526 926 374 423 472 982 40 944 655 493 577 44 217 196 18 358 119 10 689
375 890 940 607 871 918 956 754 781 416 696 415 633 920 89 614 365 429 23 912 481 385 804 730 254 470 263 885 927 248 624 498 258 736 460 795 382 783 159 266 719 718 190 697 288 481 981 464 925 152 82 209 186 294 926 783 157 581 261 799 23 671 861 925 609 663 891 492 343 344 598 207 587 879 271 905 768 701 640 863 292
337 923 979 935 481 764 674 606 42 706 825 626 884 578 968 491 977 311 417 644 900 732 803 717 551 333 607 553 657 301 920 227 540 264 213 584 444 923 674 717 119 234 550 216 157 703 12 304 368 613 817 614 101 952 304 864 572 768 915 1 708 368 851 777 738 441 19 431 467 719 659 837 88 710 638 802 870 207 812 150 225
530 875 505 873 812 992 76 234 323 331 407 264 85 619 529 122 967 519 241 533 879 64 332 258 797 585 753 40 269 474 560 530 503 296 810 234 654 869 527 316 866 921 539 276 262 653 834 497 827 690 351 482 41 975 258 914 390 815 610 128 341 248 166 862 6 833 73 964 898 149 795 132 878 867 889 346 955 604 885 254 193
13 483 247 476 114 45 718 225 8 360 392 526 979 978 38 693 552 257 632 686 155 146 519 590 618 89 5 693 226 177 867 817 296 562 372 41 707 608 837 890 266 3 815 535 893 77 95 822 987 374 940 298 354 459 70 701 746 212 502 263 594 184 167 6 983 560 741 359 155 502 731 416 688 472 553 214 709 439 596 103 38
351 291 145 766 43 674 849 648 385 193 855 637 257 746 496 363 161 208 334 64 296 885 73 671 476 787 410 559 861 883 381 59 44 658 848 639 850 244 782 945 504 305 232 639 580 399 157 55 610 947 881 798 261 44 239 793 318 104 896 616 416 669 533 642 526 18 431 846 682 625 487 116 488 217 696 930 161 85 92 751 233
424 742 830 306 203 350 201 64 554 428 516 278 586 803 283 598 473 625 380 743 26 425 535 105 548 728 376 71 392 920 305 603 4 199 423 733 214 631 317 428 272 319 177 562 880 525 580 141 13 279 308 105 830 500 176 28 194 821 398 210 960 260 103 274 192 500 62 609 899 56 603 102 972 260 599 62 798 490 217 987 586
856 529 383 338 979 56 9 526 396 98 682 485 382 978 374 586 280 376 744 537 849 182 472 881 110 648 411 265 681 955 908 565 23 522 176 68 284 114 494 229 917 165 913 264 657 709 106 21 585 949 658 595 923 631 445 369 789 744 927 694 249 239 450 13 469 787 33 386 716 294 37 476 755 461 563 509 15 853 165 160 626
551 876 351 376 839 934 156 645 512 500 312 175 604 161 817 70 214 738 226 879 673 958 858 206 850 930 542 613 123 922 611 879 352 213 147 481 19 854 768 125 642 134 265 311 33 334 733 264 366 389 551 931 449 385 166 719 934 727 375 800 66 709 15 563 943 811 340 773 352 713 262 429 404 204 269 866 954 698 591 831 851
267 650 464 348 847 305 69 835 400 205 284 902 402 256 486 719 857 439 236 898 910 651 932 911 585 829 898 646 305 300 956 295 170 850 700 10 407 586 110 799 718 217 200 913 465 445 390 586 728 447 916 454 566 759 399 301 334 985 429 652 346 763 649 822 744 994 705 121 783 741 490 851 579 285 425 60 600 664 685 398 528
781 77 942 885 15 200 919 301 589 62 369 938 459 743 193 248 941 38 973 972 595 83 57 102 696 129 210 174 535 250 964 925 860 781 534 949 85 662 695 507 855 8 853 500 653 452 266 856 466 1 22 172 874 4 519 256 900 967 51 126 15 69 669 177 349 120 857 755 999 438 577 448 783 415 360 521 134 838 70 409 363
30 897 452 280 32 99 267 278 623 290 318 126 202 734 54 309 237 2 1 252 422 498 112 600 776 782 9 206 627 612 911 207 603 807 361 306 220 747 747 736 642 890 58 335 106 837 948 571 139 987 956 392 382 95 117 196 505 553 641 186 102 320 477 810 284 286 889 493 978 712 728 187 213 176 72 374 382 464 451 684 105
71 68 544 170 295 123 139 849 960 679 339 638 761 25 897 579 890 629 639 375 108 353 570 386 627 593 965 497 989 381 974 677 513 220 360 34 146 828 643 926 472 290 870 329 545 204 202 323 825 778 765 273 583 976 846 527 531 540 167 165 473 437 620 108 782 264 341 980 604 971 803 792 646 261 742 199 289 331 116 930 935
915 397 235 684 81 534 257 43 797 72 300 712 571 166 912 838 299 932 605 388 250 75 851 646 96 715 293 512 331 292 823 516 680 460 883 311 439 590 446 11 110 136 887 24 605 398 833 133 181 918 694 872 946 992 921 698 308 642 850 517 404 198 177 509 986 20 659 165 89 543 627 187 198 690 717 799 838 756 954 665 35
