403 304 660 682 961 168 747 301 113 875 971 842 415 118 585 229 669 206 869 632 108 741 921 233 61 690 280 321 640 689 356 293 621 240 972 675 627 185 732 125 23 646 647 150 928 7 48 267 889 368 349 961 55 964 368 651 825 32 512 897 5 165 861 404
6 151 949 897 475 215 979 925 747 637 167 147 174 930 204 380 723 435 84 809 78 625 543 589 755 706 234 562 402 178 840 272 149 666 517 501 501 890 9 480 53 116 990 720 442 391 368 912 345 346 559 104 733 833 215 861 904 508 423 712 229 120 681 172
274 778 298 718 61 476 757 759 852 128 801 460 496 896 196 799 303 476 89 468 33 181 393 919 220 811 442 908 45 598 896 489 273 593 629 488 13 584 297 306 741 225 597 409 9 754 18 182 267 465 683 348 897 236 535 12 467 94 255 931 234 36 445 735
233 810 598 426 44 516 634 800 873 645 455 929 103 520 967 561 646 107 230 278 839 54 758 336 126 331 385 565 554 724 901 919 114 94 876 850 479 346 388 167 388 369 693 299 637 996 723 318 561 918 663 946 12 476 624 258 979 555 670 3 431 596 520 992
999 811 9 486 94 414 27 63 238 235 48 405 302 370 874 287 695 252 332 277 43 872 58 968 916 819 2 138 681 625 384 197 111 324 404 379 195 592 124 223 653 300 247 772 685 695 612 974 717 359 837 637 339 666 875 107 967 987 975 941 218 590 218 551
986 75 825 939 321 731 186 70 840 329 30 3 983 953 789 164 395 495 166 287 711 315 299 252 91 180 158 44 547 745 648 291 734 404 633 737 94 858 767 517 753 276 380 58 958 781 905 139 770 376 450 548 133 96 323 675 640 204 579 101 154 652 920 754
401 730 759 297 996 910 305 154 803 225 319 134 204 107 420 407 265 314 937 251 261 550 114 155 178 579 645 299 249 714 278 779 865 376 160 632 363 736 177 894 811 288 651 428 941 221 937 644 912 276 610 492 227 211 90 116 252 63 675 884 280 441 293 195
738 979 602 250 902 44 469 700 92 190 926 948 685 602 735 810 992 682 483 697 816 479 454 669 992 642 77 49 911 459 802 885 876 849 976 196 141 933 132 385 327 752 422 680 897 49 659 658 457 455 176 667 405 176 794 769 295 923 595 711 784 791 688 844
224 61 345 768 603 582 259 26 673 225 833 13 675 519 572 877 409 811 579 59 714 346 643 488 608 512 405 84 33 22 329 929 336 255 63 933 153 33 109 42 960 488 17 481 693 817 560 611 844 419 500 91 912 489 3 948 174 587 977 316 644 650 738 51
753 280 855 362 333 151 60 991 310 343 500 58 266 458 728 24 555 986 762 23 303 951 969 625 989 549 990 147 100 920 502 643 518 429 62 596 259 295 513 567 975 2 803 531 62 891 842 424 431 631 532 190 776 173 13 543 73 903 829 910 533 8 771 749
358 864 280 740 805 206 365 24 609 855 119 320 159 509 531 386 890 722 11 342 98 91 307 592 940 170 929 992 554 720 412 489 50 87 125 818 52 462 688 599 979 813 96 698 626 500 776 571 791 942 432 561 643 718 843 310 812 942 197 657 74 398 410 656
214 123 874 252 679 610 493 422 752 16 694 842 915 186 424 87 907 836 994 263 839 393 850 512 971 452 825 913 792 430 707 471 533 915 538 684 589 601 108 953 717 672 781 837 106 126 427 783 80 81 289 128 993 800 3 548 312 319 2 731 966 700 486 194
899 751 442 285 719 809 860 557 451 287 166 338 614 619 929 206 981 634 673 511 195 640 858 797 28 762 239 879 508 4 736 885 145 532 799 722 752 658 164 586 577 389 526 103 980 307 587 601 556 977 856 532 628 681 234 634 327 740 350 683 498 717 125 76
290 114 293 757 990 226 401 682 229 795 829 655 850 449 332 327 701 685 291 925 828 451 672 185 119 720 199 1 406 311 524 849 319 264 548 271 985 951 809 240 65 681 730 100 420 694 570 782 536 506 354 184 641 659 587 457 365 808 373 73 542 809 552 987
203 248 16 868 158 197 181 711 308 247 499 123 882 56 306 69 713 152 885 985 586 930 504 328 566 687 124 524 246 396 836 608 662 780 523 503 185 165 381 69 656 113 761 672 255 762 413 153 162 227 28 429 653 968 118 316 512 225 256 471 288 570 318 801
326 853 462 491 564 6 548 634 63 685 778 117 772 263 789 986 894 456 553 827 5 806 463 459 879 68 153 266 293 343 527 197 503 681 393 228 419 643 74 385 253 541 424 415 510 812 45 744 245 341 999 831 638 70 472 437 815 439 392 866 576 169 733 564
888 871 392 360 645 120 541 95 307 19 219 736 284 534 845 932 711 762 544 945 596 123 566 493 314 314 74 475 935 676 878 264 441 829 648 273 932 485 323 582 909 113 91 917 238 259 433 887 486 645 979 332 621 286 245 274 290 119 890 454 690 373 830 525
685 299 989 344 182 692 639 538 207 89 348 706 895 950 509 938 838 189 355 454 201 494 377 547 622 761 688 129 367 51 370 476 269 500 545 862 882 923 959 444 411 513 113 82 134 752 675 921 531 349 374 428 434 135 535 64 35 58 782 3 542 979 880 142
723 548 741 744 467 852 836 570 148 866 293 26 590 198 725 354 453 961 610 875 515 757 695 42 848 362 417 129 645 144 299 959 340 189 995 260 394 756 663 216 177 708 374 514 461 795 307 759 415 355 115 131 777 545 728 262 586 55 455 378 382 856 631 984
310 350 162 775 948 692 769 166 873 228 964 327 494 283 195 663 157 379 803 411 918 919 77 753 812 42 769 994 811 132 749 367 129 649 810 543 768 40 601 550 700 310 751 794 818 860 6 569 703 676 301 910 588 498 439 50 589 42 347 295 185 183 853 376
92 76 468 738 11 73 308 894 297 631 390 968 880 877 855 946 860 487 880 353 452 408 30 879 273 744 628 326 707 329 855 91 962 656 844 276 978 565 728 344 638 293 801 763 900 208 457 678 331 762 316 892 846 625 604 208 2 713 113 632 57 964 819 135
228 983 457 164 119 734 395 666 798 673 810 276 757 501 308 66 84 871 730 641 295 791 826 718 108 962 317 191 911 905 819 991 779 590 220 735 570 304 877 540 70 106 693 265 61 560 11 545 853 363 531 676 61 374 169 976 965 221 44 451 81 362 981 696
716 883 397 986 315 816 143 89 208 777 632 640 340 220 102 495 728 910 962 852 637 618 705 335 959 597 225 154 362 717 952 632 503 317 556 944 412 776 293 880 310 337 277 653 719 474 58 864 823 321 506 456 122 389 545 628 837 708 512 568 921 650 7 576
919 517 503 334 196 955 126 959 402 75 790 392 618 702 656 293 296 811 223 214 939 335 237 532 836 142 865 212 724 746 698 427 561 426 661 860 865 57 991 235 784 412 529 34 146 892 227 276 168 210 987 234 109 777 513 210 125 184 910 109 777 454 692 837
28 172 783 475 562 463 596 653 447 763 839 972 81 178 760 486 377 903 631 230 363 890 352 300 64 599 675 753 667 433 714 880 773 66 188 375 96 323 869 931 808 477 24 311 816 203 135 755 836 945 994 198 582 799 356 928 702 189 880 183 552 722 454 585
107 292 375 55 132 342 9 218 771 6 843 101 181 948 297 785 980 263 384 95 917 811 617 43 630 278 656 856 187 553 398 301 648 80 53 275 998 132 962 75 835 93 391 331 130 231 98 316 96 159 950 752 529 273 820 239 281 151 87 973 925 260 540 885
400 890 640 337 853 263 845 486 756 184 224 346 343 864 636 616 87 308 345 260 975 973 268 401 922 97 766 971 402 370 678 424 839 835 971 636 294 906 675 726 316 928 943 577 519 132 453 873 556 982 71 88 624 650 779 816 413 210 537 306 725 460 728 71
44 878 478 771 12 709 444 19 789 770 144 36 275 487 661 993 421 556 756 159 897 148 62 199 735 690 203 793 189 505 200 68 368 594 206 825 568 751 593 901 823 848 859 282 891 984 63 312 416 467 30 484 25 133 67 843 96 214 296 605 487 453 695 216
762 923 313 888 972 284 770 242 51 916 11 238 192 162 353 739 517 330 684 145 607 218 804 828 125 606 488 248 405 654 988 431 97 102 483 772 758 236 65 531 423 903 164 30 787 819 471 115 540 835 292 879 984 580 75 539 484 485 314 969 785 713 821 876
38 583 818 91 961 456 111 242 676 696 779 566 940 588 958 114 484 986 457 358 555 502 38 453 173 547 623 409 554 358 356 111 701 67 540 417 187 706 828 412 958 794 197 922 611 527 893 68 587 833 865 902 474 619 99 115 377 738 711 709 141 289 720 557
926 444 191 705 236 323 123 254 77 543 179 727 561 452 317 476 880 649 217 620 257 160 374 683 167 679 945 460 259 64 585 193 801 614 483 463 622 723 332 369 438 894 617 62 169 224 26 840 133 686 73 514 739 230 81 3 678 415 138 301 446 156 116 389
658 837 83 464 384 498 846 376 773 858 756 11 151 873 488 990 744 289 6 154 301 97 661 950 808 398 156 394 647 576 286 685 496 14 939 10 229 182 419 606 855 361 765 233 279 786 950 821 91 505 41 707 63 43 640 399 84 561 641 153 474 41 760 673
554 928 864 78 328 383 750 569 288 680 471 544 303 439 580 649 604 65 834 399 417 295 588 955 930 376 809 345 500 80 281 186 89 424 8 934 897 568 824 864 146 881 951 133 565 650 787 527 524 998 461 175 424 552 250 965 423 327 541 859 245 45 852 90
232 918 681 678 94 331 263 199 305 935 264 190 73 1 192 348 582 536 828 321 349 113 93 790 484 373 644 248 645 703 807 529 180 292 648 575 476 796 750 78 548 984 9 643 552 667 755 947 615 494 592 184 384 473 499 758 930 944 182 761 608 297 807 246
709 779 325 795 728 674 380 427 138 204 386 549 175 786 261 91 294 247 915 575 430 524 865 721 326 496 878 762 456 420 766 402 817 762 926 263 165 410 717 992 656 906 90 514 807 836 321 549 51 360 571 310 29 994 324 827 930 712 249 811 802 52 991 219
420 335 117 854 198 327 957 492 418 904 979 323 598 91 896 835 708 58 706 382 829 815 581 97 394 213 147 492 159 191 371 466 319 142 17 375 440 690 817 532 991 964 168 854 747 759 266 994 69 337 2 4 325 156 356 702 74 272 687 596 214 212 920 779
397 544 956 140 115 721 603 849 703 15 654 877 780 100 168 768 643 561 761 586 624 333 220 318 818 227 804 200 845 319 702 277 65 415 598 138 665 928 285 739 231 291 416 27 928 171 33 183 528 753 602 535 61 988 981 250 769 34 516 777 732 508 207 820
650 456 918 458 924 948 591 199 620 751 977 375 760 747 314 58 112 925 876 628 786 804 106 876 636 677 144 760 904 526 719 999 471 489 455 708 24 174 80 113 882 584 20 559 233 704 796 609 611 91 312 746 350 528 180 578 438 537 976 301 109 750 844 464
309 747 160 418 685 834 177 516 822 792 689 302 822 828 347 592 595 451 416 956 233 357 728 440 272 739 526 506 449 430 812 259 518 483 53 689 16 950 289 865 878 390 634 121 603 840 379 97 5 534 127 883 482 530 311 120 759 154 129 399 136 877 935 468
768 670 66 974 135 391 607 52 150 283 664 72 149 761 652 811 242 344 239 812 262 319 537 742 809 409 184 83 95 741 751 202 471 703 733 363 213 58 403 483 237 416 199 3 733 240 908 111 300 618 214 767 393 468 809 949 127 163 217 722 704 274 122 278
677 694 705 80 933 22 916 935 870 674 211 160 574 992 661 791 747 159 271 923 872 882 699 105 882 49 234 454 263 463 672 653 405 847 265 252 642 452 114 621 456 892 424 833 326 897 638 983 430 88 392 856 814 441 853 782 739 142 85 264 46 854 272 908
44 800 742 253 460 851 618 661 542 285 333 351 707 889 877 341 453 464 234 982 413 925 829 820 13 315 641 517 433 278 750 780 161 652 505 249 566 751 679 65 896 905 657 321 19 811 550 63 888 614 404 464 879 253 377 697 800 570 388 529 478 244 364 531
517 318 860 102 806 553 732 223 325 327 180 96 672 921 395 799 969 375 440 901 830 459 813 901 734 626 485 163 265 872 96 707 560 552 109 256 22 576 977 27 313 581 570 926 457 910 989 831 799 704 848 82 173 158 743 910 343 878 66 48 21 27 183 872
864 133 642 997 110 725 51 820 972 42 142 550 642 518 249 709 320 127 820 906 2 362 390 988 647 522 203 736 387 399 823 376 130 131 299 725 557 728 201 330 712 497 569 536 763 705 676 19 901 223 161 590 505 221 13 966 811 772 230 885 556 429 795 849
563 415 448 183 618 709 348 794 651 692 140 526 403 619 247 423 63 357 332 371 939 632 563 409 317 985 365 655 422 35 66 670 236 233 957 734 474 318 946 462 200 283 581 9 886 588 758 12 185 874 328 587 421 710 549 783 180 911 6 851 11 842 187 419
422 696 85 170 361 75 21 989 429 827 443 425 965 327 165 621 53 332 138 186 139 361 161 637 230 151 584 510 574 786 201 260 165 492 809 486 812 740 239 683 973 267 799 365 715 965 579 557 865 627 510 9 176 655 889 489 268 379 644 752 536 480 804 480
939 714 802 192 259 478 781 420 984 940 65 898 707 856 133 626 434 311 661 704 989 300 345 783 46 961 481 652 361 430 315 332 228 190 898 201 879 437 755 371 759 742 937 353 330 214 793 159 477 114 340 488 885 273 508 749 173 522 842 896 476 230 547 310
916 308 726 906 820 490 972 734 921 413 915 146 334 412 787 815 108 581 258 546 963 603 540 252 235 911 765 186 470 820 519 203 707 839 654 984 698 122 544 265 796 234 526 986 877 71 271 909 563 257 999 112 702 915 161 919 925 414 288 337 32 890 969 426
546 524 270 188 201 883 899 245 392 170 182 768 888 772 163 509 4 854 139 215 356 997 447 569 625 788 531 972 849 973 818 96 296 610 992 57 504 990 679 920 547 614 646 258 658 625 688 659 349 763 134 469 213 384 930 932 741 681 943 977 216 625 933 223
964 521 243 377 170 678 416 726 237 898 950 580 727 337 898 204 385 403 981 263 639 112 427 567 372 536 214 597 329 736 330 542 215 878 387 708 329 909 812 838 412 933 461 63 143 333 60 328 931 471 896 786 255 7 675 172 180 77 188 301 768 743 996 372
290 2 410 612 804 828 541 533 181 193 12 588 91 860 267 665 611 793 404 840 216 866 15 745 765 870 41 639 370 744 686 21 608 174 830 971 966 778 789 135 199 573 585 962 888 686 139 614 799 565 791 943 591 714 189 931 730 643 328 14 421 555 527 542
976 757 968 666 54 481 750 370 137 40 743 600 719 677 996 505 784 148 831 307 466 61 685 662 626 207 399 260 251 597 401 241 995 412 412 171 814 34 629 3 572 834 558 263 748 65 486 283 145 147 919 724 422 913 267 93 320 354 56 687 113 853 401 600
108 236 304 609 235 374 981 848 55 196 314 909 783 238 320 376 197 672 961 235 381 927 379 390 674 612 624 425 481 178 619 591 493 828 410 824 581 675 574 500 884 327 290 887 104 964 687 227 577 560 959 749 862 926 128 581 441 635 957 412 642 112 862 716
5 122 645 719 106 310 353 233 407 484 62 721 305 797 516 718 920 933 409 104 487 824 999 951 617 795 464 248 875 675 845 466 374 613 844 42 970 896 227 43 111 967 974 8 6 170 343 785 390 627 508 869 185 543 546 623 334 200 396 12 57 997 501 863
536 596 368 553 53 893 802 470 575 30 200 958 50 660 65 806 818 620 594 509 566 496 425 900 878 37 653 802 379 341 429 506 434 146 91 679 503 304 924 364 541 935 416 639 298 372 482 762 524 747 961 966 320 83 371 933 508 231 963 540 630 668 358 510
227 283 59 371 451 100 318 699 367 710 446 532 743 448 697 460 446 99 377 411 414 602 50 792 301 726 976 427 538 195 318 506 876 120 787 546 84 61 716 985 716 382 950 889 920 659 570 27 682 363 766 484 893 454 380 62 867 707 501 517 223 744 687 251
267 369 777 97 8 29 644 588 632 538 748 824 298 198 509 267 93 808 194 205 677 303 747 765 175 368 986 63 130 351 159 424 430 545 555 246 101 552 474 722 127 534 698 683 567 132 930 752 374 225 487 874 888 348 938 676 129 379 641 757 685 273 935 131
798 820 458 986 428 387 238 416 856 498 615 432 165 179 681 504 67 628 316 900 509 963 579 586 343 605 853 987 918 700 349 260 88 301 181 499 665 835 224 540 958 729 289 424 237 189 94 299 430 242 445 374 835 295 235 583 622 604 401 641 527 809 66 293
833 574 198 810 994 529 660 22 139 608 683 87 282 286 41 918 835 670 559 893 421 645 362 850 572 635 738 792 230 444 878 20 39 43 333 754 694 588 578 766 898 838 24 235 685 625 467 890 713 517 548 319 694 793 124 31 515 777 315 910 814 883 862 867
481 209 361 73 835 600 787 319 942 290 20 818 318 917 693 493 981 846 85 537 350 475 885 565 398 383 237 457 331 309 179 468 873 147 40 745 923 820 402 982 411 146 207 553 288 68 833 866 798 474 443 981 465 95 479 328 241 34 701 88 168 99 640 469
292 491 549 948 837 848 991 445 431 352 537 75 910 657 410 269 42 435 821 693 858 135 643 700 903 141 484 953 951 462 545 381 448 995 71 952 663 413 68 579 238 501 926 861 913 491 362 357 336 582 871 613 412 288 621 24 287 15 710 728 249 944 357 440
888 482 735 603 455 222 657 574 975 65 248 450 900 660 39 261 524 19 736 284 652 850 99 990 277 821 632 958 40 181 38 611 985 313 686 876 390 500 376 270 394 515 868 430 237 745 330 612 831 788 526 847 703 691 299 648 106 961 473 758 73 613 22 592
131 335 130 553 519 13 109 398 941 480 699 109 864 996 812 203 661 555 180 195 384 282 952 534 706 903 478 88 391 131 615 367 960 337 960 503 73 155 346 930 605 912 499 697 435 773 751 931 307 46 719 422 975 127 890 663 879 667 929 883 813 831 910 441
982 216 903 681 882 207 552 900 793 562 905 336 996 748 43 279 970 802 235 891 975 814 968 398 883 874 16 818 74 139 304 567 585 4 264 638 733 779 986 976 170 543 460 949 165 213 756 723 121 571 982 550 306 607 359 91 283 379 184 173 538 402 87 999
