284 558 766 390 759 314 996 938 203 748 973 293 361 83 367 389
342 727 460 327 825 486 935 18 396 465 89 566 942 717 285 457
143 886 942 309 96 439 131 618 948 745 217 452 377 596 684 106
795 846 874 189 955 530 988 436 416 213 570 104 657 763 495 499
159 183 165 218 617 186 308 331 334 204 310 639 219 137 202 624
390 673 548 228 543 354 470 973 759 631 212 960 367 998 558 173
431 142 568 123 398 906 2 831 282 769 997 403 104 112 403 747
38 894 570 254 403 655 689 698 791 766 648 58 124 496 161 320
49 318 339 183 987 447 940 843 251 951 680 539 477 630 29 238
550 283 963 978 951 321 919 69 861 403 217 904 285 657 651 966
721 558 136 569 680 728 203 350 169 126 671 685 867 843 746 126
453 721 16 143 230 223 771 456 8 598 600 346 728 16 822 237
108 241 265 806 152 361 491 848 159 52 533 861 659 802 811 431
822 287 411 667 375 190 438 28 466 666 849 355 753 339 942 137
617 547 104 236 537 130 264 701 885 963 34 127 865 664 446 344
426 351 512 524 743 1 525 935 848 139 899 418 816 206 596 337
