0 825 825 825 0 825 0 0 825 0 0 0 0 825 0 0
0 0 0 825 0 0 825 825 0 0 0 825 825 0 0 0
0 0 0 0 0 0 0 0 0 0 0 0 825 825 0 0
0 825 825 825 0 0 0 825 825 825 0 0 0 0 0 0
825 0 0 0 0 0 0 0 0 825 0 0 0 825 0 825
0 0 825 0 0 825 0 0 0 0 825 0 0 0 0 0
0 0 0 0 0 0 0 0 0 0 0 0 825 0 0 825
0 0 0 825 0 0 825 825 0 0 0 0 0 825 825 0
0 0 0 825 0 0 0 0 0 0 0 0 0 825 0 825
0 825 825 0 0 0 0 825 825 825 0 0 0 0 0 0
0 825 0 0 0 0 825 0 825 825 0 0 0 0 0 0
825 0 825 0 0 0 0 0 0 825 0 0 0 0 825 0
0 0 0 0 0 0 0 0 0 0 0 0 0 825 0 0
825 0 825 0 825 0 0 825 0 0 0 0 825 825 0 0
0 0 825 825 0 0 0 825 0 0 0 0 0 0 825 825
0 0 0 0 825 0 0 0 0 0 0 0 0 0 825 825
