178 255 462 171 168 659 295 80 403 305 480 501 913 65 805 13
458 809 25 745 272 563 390 564 638 970 919 878 980 594 127 44
926 655 286 647 334 154 452 7 701 242 944 574 629 879 970 834
839 333 927 282 64 603 301 60 128 675 122 445 817 679 348 321
153 840 520 192 338 19 615 28 38 778 756 728 825 952 756 481
445 460 703 688 58 658 179 416 754 95 774 212 300 304 374 35
717 920 72 26 692 632 683 642 87 277 195 147 118 721 967 545
730 569 509 586 790 295 397 364 879 811 998 228 400 110 95 877
263 618 366 211 658 947 280 211 168 790 95 4 187 664 770 201
237 38 849 250 680 457 119 758 8 223 120 57 654 53 272 329
532 955 733 283 300 89 448 676 762 221 423 635 150 891 817 7
212 786 358 226 138 446 999 187 401 213 623 484 102 227 400 663
444 289 302 548 674 371 499 281 260 420 587 787 677 58 642 168
235 631 694 84 151 127 314 58 603 152 905 827 144 914 523 584
333 919 135 741 227 397 380 593 941 298 290 706 623 28 75 128
17 866 475 304 557 577 699 662 271 955 584 674 369 560 31 964
