405 959 67 979 91 702 985 625 424 31 916 908 933 761 573 628 464 237 474 336 562 276 882 1 382 903 734 112 598 173 357 944 828 843 196 507 696 127 661 618 452 914 328 802 454 844 616 873 140 317 904 999 899 546 948 907 207 977 568 291 582 209 222 972
799 736 791 675 524 842 651 608 591 861 303 830 172 777 169 483 667 566 550 367 56 241 798 511 692 292 991 270 881 756 204 713 558 722 734 822 638 796 796 585 688 462 689 929 695 939 201 99 31 419 316 231 557 761 518 94 291 236 606 361 966 756 950 984
8 525 807 184 303 378 550 648 867 74 581 964 259 688 556 115 983 628 520 484 848 663 279 578 950 562 79 411 869 313 743 49 921 612 396 476 735 533 959 544 380 142 29 201 481 279 323 974 340 551 536 241 88 146 770 762 495 397 948 706 57 467 207 85
721 955 172 712 451 198 487 465 523 908 91 683 252 643 886 52 515 796 804 660 775 101 918 99 84 364 490 682 509 810 89 994 239 422 510 378 822 722 748 231 216 75 976 383 750 388 929 400 368 547 153 171 116 498 267 190 799 130 781 385 113 240 740 376
589 208 983 714 773 540 197 38 402 993 619 523 251 473 511 644 603 87 415 521 849 347 577 300 565 442 173 865 70 864 297 522 482 115 718 225 259 564 995 89 942 194 576 867 321 800 738 323 93 122 735 406 981 96 48 459 59 482 205 653 240 128 478 857
552 103 573 923 278 758 908 62 705 5 164 106 411 528 51 63 903 900 231 718 357 686 782 583 484 705 252 812 783 860 575 276 488 125 238 697 168 552 728 567 394 433 309 963 430 197 766 179 791 295 288 743 520 474 702 616 474 107 118 436 941 372 357 468
268 327 833 874 389 407 28 604 621 589 37 609 321 348 437 987 529 971 324 306 628 422 76 460 926 243 377 211 666 296 267 785 206 516 720 247 278 648 381 771 112 167 190 886 520 780 931 632 145 625 232 713 191 881 826 122 343 565 685 198 867 981 563 265
920 239 752 599 894 873 912 859 655 267 807 64 349 284 36 722 887 116 921 618 966 308 521 913 604 329 765 648 39 242 736 116 874 437 16 72 393 830 645 159 820 393 175 263 841 442 831 38 37 975 840 269 115 448 641 560 903 659 816 875 628 154 602 927
776 673 102 708 17 990 547 106 798 771 960 87 241 405 744 351 425 832 21 791 793 817 857 179 946 618 194 751 604 840 456 735 436 22 2 834 414 523 347 815 548 657 370 23 400 681 840 982 154 714 849 394 448 150 316 654 311 545 623 977 275 51 766 466
5 995 36 482 429 367 58 423 594 89 487 6 169 998 1 477 423 455 295 43 56 31 558 825 293 834 226 706 909 568 134 979 811 508 583 8 487 792 270 476 476 637 486 685 277 395 752 452 244 995 905 833 986 580 138 496 999 89 200 613 184 388 854 933
762 470 361 83 31 952 854 857 241 487 363 27 112 513 228 989 825 401 952 646 638 400 366 480 688 968 587 801 371 804 970 58 589 671 958 547 381 737 33 320 469 729 438 442 450 771 556 571 767 642 902 436 341 424 710 58 901 311 480 131 604 726 853 78
904 471 212 776 882 222 733 261 513 136 912 283 484 362 118 409 6 167 629 177 265 126 438 68 676 835 685 699 164 164 352 113 700 842 166 212 169 739 135 816 985 392 419 384 84 516 107 355 173 688 129 774 972 273 388 804 526 74 161 414 242 38 221 603
910 358 174 843 779 742 696 929 195 408 218 365 372 26 950 571 517 474 534 829 335 853 857 504 914 29 898 741 197 226 354 639 182 113 39 250 529 917 912 892 33 780 152 307 246 634 36 244 18 617 388 821 646 335 230 708 667 948 259 735 461 892 698 762
356 254 866 196 858 338 821 414 201 950 644 736 498 111 966 538 322 993 532 88 113 294 166 561 195 36 545 536 251 660 738 902 751 396 73 824 182 280 990 486 53 798 414 436 991 618 882 100 616 157 682 360 198 465 656 252 539 80 388 254 258 312 935 829
994 464 141 893 527 129 104 47 877 23 27 187 800 844 139 7 867 587 291 677 44 249 209 439 71 469 882 174 409 832 800 290 102 225 698 311 389 730 268 179 693 830 93 145 63 158 261 195 158 62 735 538 484 580 785 847 186 835 636 459 133 765 707 461
508 241 794 403 427 709 625 287 262 281 115 933 646 68 469 654 644 141 885 476 897 347 522 149 691 935 566 999 431 106 685 6 691 213 234 40 510 93 954 247 673 542 459 573 609 949 144 437 464 72 418 961 508 47 898 523 410 796 800 57 159 776 282 195
129 933 738 16 519 283 453 763 927 276 253 813 312 992 84 757 842 822 115 293 507 930 20 138 272 369 930 257 245 425 892 710 768 771 952 675 422 478 257 688 563 689 571 111 413 953 694 146 152 8 998 81 495 40 45 151 57 978 108 543 272 489 108 234
591 573 757 378 776 221 805 133 860 936 304 359 682 554 619 819 135 51 255 184 766 424 666 865 898 459 329 595 953 799 178 945 350 579 527 897 450 125 845 71 843 698 415 719 490 956 552 493 794 744 780 985 52 207 326 945 11 500 837 664 288 890 630 353
795 956 556 228 892 548 436 131 54 144 153 340 387 295 490 477 105 18 448 132 764 715 141 898 81 547 603 4 652 632 992 627 807 641 408 232 519 222 700 988 887 284 971 702 389 546 598 764 458 363 891 182 601 979 629 407 51 163 725 327 318 158 722 691
416 702 33 851 690 445 282 364 567 289 301 992 657 227 444 330 109 465 702 41 947 284 520 533 370 377 247 704 11 524 260 510 738 920 674 999 387 751 932 79 268 266 96 293 602 760 762 149 878 883 920 483 394 780 628 722 517 390 871 571 997 587 516 978
379 561 962 953 702 499 437 361 921 224 817 760 709 893 350 673 948 206 51 311 988 899 350 325 538 732 126 111 268 272 181 645 16 740 182 354 780 171 127 758 840 194 423 267 932 962 189 666 494 103 655 539 218 15 573 61 781 501 179 928 279 930 534 338
419 473 391 1 710 346 460 130 45 404 461 442 590 594 341 109 410 703 230 624 111 812 269 80 475 767 46 41 486 338 253 610 12 215 684 907 701 383 834 924 577 570 18 923 389 262 143 357 196 180 666 219 153 769 181 956 877 565 11 942 137 327 94 187
937 755 389 630 397 494 864 77 873 976 77 171 48 901 280 750 876 881 387 205 330 164 540 563 153 540 529 542 551 756 478 622 334 163 897 244 864 493 389 375 228 468 46 645 646 347 829 975 961 604 17 168 634 923 589 827 204 817 775 499 240 999 215 507
587 805 346 380 129 736 162 106 665 178 68 692 189 836 186 510 221 453 164 817 901 139 399 156 918 365 501 982 506 103 382 132 743 169 534 322 892 939 16 99 405 729 868 595 233 441 647 317 341 891 915 635 976 636 591 779 538 108 375 98 452 41 626 346
88 271 28 529 957 334 180 134 55 947 378 88 816 846 365 905 508 387 887 873 912 782 239 552 59 711 151 314 453 33 749 877 898 428 153 221 513 71 428 218 859 415 510 717 755 669 699 440 398 633 401 82 374 654 232 115 287 289 468 43 522 468 374 99
472 813 505 826 851 104 134 583 242 360 801 839 634 524 858 677 837 588 983 678 407 97 656 275 490 489 180 965 407 864 152 348 162 217 227 447 547 664 273 5 941 331 509 752 658 627 862 850 550 433 302 158 117 440 33 339 866 497 309 868 436 655 399 166
647 29 896 851 559 867 714 381 451 510 211 659 850 421 467 715 859 865 145 737 444 146 858 88 55 532 69 794 154 821 740 178 806 813 271 100 678 762 181 324 373 814 665 590 530 209 606 487 305 38 943 459 849 325 183 945 544 718 123 788 177 842 455 408
197 185 106 242 590 284 571 979 66 653 383 497 796 368 776 902 423 474 778 561 27 912 498 339 960 217 829 840 368 785 375 992 808 731 177 404 367 918 728 786 829 41 509 885 216 989 644 41 347 732 467 558 269 393 12 581 690 376 585 929 614 34 10 360
852 15 174 380 185 510 757 246 176 298 132 280 379 584 356 106 639 423 454 454 110 957 624 161 831 693 389 9 550 403 587 375 874 931 435 642 749 710 788 76 818 8 320 143 559 888 792 853 385 720 71 818 152 410 241 24 817 740 223 82 91 41 464 70
755 63 875 480 482 732 396 694 503 101 178 766 773 598 456 760 626 619 473 177 403 718 903 312 812 432 846 755 190 97 403 823 414 991 140 513 640 644 636 773 861 195 725 334 511 141 927 188 392 839 800 503 691 127 553 705 141 863 509 424 633 574 833 586
583 691 84 947 228 452 638 680 38 784 906 508 46 711 654 720 776 648 702 427 79 34 926 279 584 925 853 733 637 715 154 974 530 425 420 921 228 290 922 188 38 790 978 201 470 342 931 428 242 302 289 902 327 898 221 533 492 136 475 84 579 795 126 517
57 502 633 900 86 346 115 1 856 577 436 304 538 270 953 39 661 591 153 74 910 908 836 754 788 869 673 311 71 743 288 885 876 400 583 560 129 717 180 189 885 649 274 836 215 802 502 190 566 209 691 496 118 432 523 93 178 604 286 766 830 470 318 995
759 928 739 575 249 930 885 157 688 303 710 271 89 41 583 116 394 649 494 91 969 95 980 157 152 32 591 77 867 658 95 621 482 71 921 462 699 14 656 994 119 501 185 734 779 224 326 278 140 409 628 779 213 497 465 555 191 18 488 41 97 464 886 633
479 128 318 667 950 821 211 432 74 195 633 384 940 650 778 154 737 407 529 994 906 399 97 855 695 39 543 689 464 716 40 712 629 674 323 65 789 736 318 395 821 227 524 341 26 658 267 115 194 803 1 537 457 75 493 795 219 848 891 942 604 472 480 543
1 225 15 484 167 747 677 730 895 346 6 234 435 672 855 211 533 596 688 238 873 933 277 936 889 43 849 281 110 149 18 758 882 206 821 137 562 579 283 909 327 535 54 816 830 985 369 63 732 596 524 384 419 523 574 577 161 315 858 615 903 335 737 291
614 618 508 404 38 722 340 293 887 490 536 728 298 249 769 52 204 97 338 696 309 74 56 369 917 697 237 9 534 661 666 674 232 39 376 255 741 246 618 975 892 448 501 280 464 880 351 230 787 616 631 293 17 107 989 241 780 302 766 833 299 808 230 93
48 330 300 162 872 106 383 555 967 514 210 392 447 287 422 913 620 866 732 17 628 837 291 521 680 447 458 418 251 191 528 81 207 950 116 937 742 508 706 491 622 126 46 118 917 454 774 149 890 406 788 426 467 972 954 688 41 171 913 550 966 465 887 872
307 580 313 180 981 799 372 434 491 657 868 643 817 109 548 423 268 293 105 399 252 341 377 757 676 762 157 546 509 623 812 196 259 113 530 2 437 843 257 983 987 708 456 108 880 669 808 159 71 529 232 205 717 235 34 500 781 162 303 434 194 887 932 279
252 405 210 114 948 757 948 236 11 795 402 927 725 946 499 460 640 857 391 973 253 34 511 61 206 160 531 421 894 371 543 85 762 366 183 532 271 557 605 949 536 436 336 464 25 556 155 332 801 919 808 195 364 452 182 417 210 325 574 40 578 138 578 982
32 464 75 367 430 689 922 358 440 603 642 841 46 295 807 888 54 827 846 90 400 312 984 115 343 397 503 734 197 949 545 964 125 633 79 298 84 529 937 916 681 569 333 440 409 171 765 229 360 708 961 668 404 665 277 494 978 356 995 402 795 441 682 499
785 554 403 580 310 243 336 404 280 488 572 108 598 506 450 577 255 445 177 53 660 687 143 523 271 761 268 642 423 188 199 621 643 986 527 938 961 284 291 613 344 969 263 972 307 543 827 813 453 908 909 594 457 629 988 317 686 827 976 842 407 776 625 649
644 733 54 864 57 437 368 329 739 389 501 215 331 771 879 82 265 884 522 129 962 205 597 392 190 262 777 379 779 287 250 256 360 232 937 131 15 593 664 752 55 332 135 378 666 939 360 979 152 41 16 483 644 846 954 176 925 77 827 790 104 244 194 601
805 932 469 981 882 877 155 379 379 974 644 709 782 593 192 246 832 938 2 956 634 259 630 542 967 772 891 312 273 70 539 865 252 635 994 515 53 118 767 388 7 195 908 209 13 143 89 646 765 745 33 9 547 823 981 100 931 726 435 944 282 460 412 154
71 561 54 150 779 91 687 775 626 404 542 484 156 945 400 212 427 173 475 739 288 665 875 121 222 700 532 874 654 672 755 630 139 425 177 240 859 66 48 348 642 770 663 685 737 32 50 814 39 304 114 168 128 880 875 561 907 920 377 685 320 324 346 27
826 115 652 471 841 111 521 63 328 748 79 418 740 771 701 713 323 502 809 310 876 475 571 599 192 994 15 734 253 52 429 558 50 513 734 261 120 93 612 435 395 38 451 625 131 264 24 179 887 643 419 97 905 763 266 843 646 562 815 37 254 722 915 575
822 365 314 392 802 551 907 176 630 807 937 425 393 577 173 277 347 484 297 77 720 38 35 662 277 407 995 882 610 17 448 246 38 367 479 288 132 946 629 673 188 605 897 153 942 991 831 12 701 304 432 166 56 106 551 532 192 140 339 246 781 41 478 87
717 798 702 427 964 318 883 116 586 389 439 487 298 718 254 385 795 483 302 786 406 381 775 304 63 209 114 254 81 805 494 472 363 117 489 574 420 595 506 502 217 274 543 476 975 274 888 764 745 605 745 791 328 978 642 67 539 534 172 140 628 68 148 186
734 688 274 394 786 12 76 460 160 370 756 194 942 987 601 106 483 532 970 930 657 268 912 517 235 30 806 189 360 986 180 955 18 35 652 523 923 388 657 620 777 310 675 277 770 454 747 646 299 189 714 340 156 174 641 79 539 951 194 835 65 708 527 332
363 424 951 785 734 528 25 595 61 408 424 645 241 981 961 705 99 203 453 832 293 656 566 281 949 308 308 166 720 677 224 554 803 878 853 665 280 85 195 94 168 817 954 131 346 949 234 580 850 132 107 952 890 900 280 495 170 593 684 972 788 5 825 161
293 592 675 948 392 348 223 986 41 318 624 349 503 861 884 755 685 421 792 269 606 301 753 167 607 435 115 454 61 746 556 264 944 178 95 649 812 728 266 415 767 782 209 569 306 91 572 895 873 828 847 994 651 218 165 152 606 395 908 789 881 719 68 503
875 392 660 13 813 571 639 150 436 114 607 34 606 467 967 949 523 466 703 266 975 546 36 87 260 887 62 457 292 682 81 53 345 308 396 773 196 149 930 493 561 143 424 518 920 293 852 752 474 935 344 231 418 739 71 396 432 930 54 496 912 144 658 925
632 81 423 568 756 668 481 406 151 708 676 786 641 630 156 23 385 662 136 485 349 327 512 150 137 63 561 437 874 716 313 425 966 706 373 649 123 496 997 173 23 602 22 339 755 334 419 640 658 21 73 260 638 520 527 783 332 169 61 559 428 562 145 244
394 434 509 98 85 479 417 577 7 392 238 380 181 61 76 652 501 780 578 757 95 886 383 73 876 908 130 264 882 639 896 493 543 627 754 22 615 287 410 867 504 526 987 80 836 28 29 695 758 828 545 957 673 16 231 688 410 644 503 50 231 722 930 403
255 40 80 845 543 801 945 156 689 658 293 704 195 986 827 734 256 674 407 442 574 731 295 895 762 147 22 87 559 929 94 384 385 556 572 995 535 190 665 902 530 801 790 914 922 440 28 711 126 523 429 537 470 976 83 694 227 756 463 443 600 29 213 304
856 15 186 986 80 38 692 182 377 298 4 657 605 53 115 380 385 929 924 464 908 417 458 333 124 607 851 268 255 909 290 170 717 270 366 623 766 911 483 91 210 539 734 938 668 673 779 169 684 69 886 8 898 595 44 194 543 95 716 491 342 223 504 98
154 848 785 938 349 245 604 931 344 737 295 397 637 760 625 891 785 783 672 415 815 264 584 268 477 737 464 826 339 188 646 343 745 752 424 842 97 617 729 844 856 254 558 581 617 764 585 544 607 547 476 71 78 416 746 159 673 764 187 588 856 46 381 844
583 630 33 736 582 136 68 113 996 83 847 987 370 277 717 522 879 868 266 852 827 356 829 123 438 871 595 826 190 22 345 262 800 885 908 190 437 16 367 300 67 461 790 766 860 133 880 943 635 203 988 786 590 825 499 512 439 639 50 126 462 405 872 21
994 550 876 858 703 224 59 211 319 531 194 445 688 640 701 764 196 941 66 268 487 11 989 191 885 287 82 85 910 128 667 846 853 152 82 689 65 797 650 287 175 687 111 928 349 237 506 910 934 260 925 14 177 701 835 97 968 684 772 727 765 756 775 811
720 552 292 713 909 189 462 507 243 943 340 228 287 335 970 524 231 938 487 370 548 127 342 810 623 929 499 393 109 358 595 967 812 972 248 656 831 989 943 163 835 938 510 88 818 676 447 649 876 369 338 346 343 841 239 896 51 377 624 304 428 594 513 661
273 776 798 981 416 482 394 345 143 990 597 565 689 138 910 313 771 478 102 24 308 893 80 965 556 68 601 167 320 517 736 295 889 864 588 495 352 295 715 57 993 657 888 158 75 959 649 33 688 213 747 24 860 283 475 789 860 3 664 980 691 935 676 592
673 672 636 648 961 155 67 63 716 443 533 424 53 322 348 436 381 809 123 999 446 213 206 926 97 452 305 461 934 827 536 154 73 160 861 427 861 853 803 641 942 708 780 137 86 640 935 224 846 735 440 459 991 375 8 496 690 523 183 857 84 103 700 139
868 31 610 960 14 867 243 576 527 221 422 202 974 636 376 251 800 963 298 917 635 75 974 323 962 152 489 832 446 88 502 70 414 959 85 369 227 627 96 97 329 573 220 5 252 382 387 933 956 404 254 549 22 700 516 882 646 267 908 969 346 782 378 409
930 620 150 106 930 200 940 896 730 378 253 758 376 123 291 209 563 650 886 468 438 933 882 60 322 362 940 251 751 164 409 776 113 444 152 949 387 15 537 448 377 702 694 160 369 449 885 900 906 309 286 575 385 826 413 329 145 687 469 308 538 844 560 536
479 449 957 530 174 411 465 809 370 168 72 342 89 363 288 312 970 19 886 620 534 721 576 146 660 825 72 701 521 453 604 213 376 772 214 941 61 118 678 381 674 637 102 544 274 229 54 382 788 852 310 837 227 997 425 632 241 84 734 924 345 740 778 394
