226 707 951 257 835 453 35 67 945 542 451 827 896 317 791 390 4 345 456 128 66 506 948 90 633 701 929 997 884 533 653 285 366 318 273 866 419 870 968 321 186 515 61 124 16 734 997 500 402 573 5 237 236 893 486 412 437 7 274 424 468 958 880 933 194 770 222 120 605 771 868 552 514 748 464 120 321 506 982 717 95
907 524 700 369 58 40 514 860 712 507 130 514 804 772 213 793 486 350 957 587 398 207 472 641 93 840 557 829 260 779 880 302 618 726 865 938 899 292 309 106 494 735 266 922 59 60 752 275 294 59 973 349 39 858 252 923 242 627 353 887 700 607 937 832 394 513 49 870 515 700 524 746 864 440 375 611 839 750 58 392 39
705 634 182 943 485 941 970 32 523 919 350 406 243 394 543 840 327 315 519 299 224 24 370 431 912 928 204 823 615 45 30 274 768 267 4 797 949 63 727 769 664 130 249 224 265 237 406 674 714 56 833 816 222 35 170 255 325 342 173 252 853 636 946 99 845 929 861 997 692 965 643 694 814 26 245 922 625 898 848 320 832
609 704 696 776 458 360 199 309 11 14 778 242 966 391 60 38 474 821 150 822 610 97 7 377 937 89 670 477 464 845 151 626 166 673 199 7 47 700 615 741 777 260 52 944 999 854 109 324 774 909 594 866 826 854 426 907 217 385 936 986 614 866 271 451 359 515 19 885 91 317 985 69 708 97 565 832 421 96 200 187 5
921 942 399 199 973 60 923 389 921 971 755 455 850 138 396 629 660 293 240 823 359 151 68 215 833 283 742 665 807 722 712 758 490 996 852 312 249 783 221 864 719 354 723 795 512 416 185 67 744 934 923 598 133 77 61 770 695 384 49 31 455 134 290 94 824 943 257 313 652 314 834 389 373 809 543 190 403 977 898 78 788
234 26 390 196 642 348 50 293 881 286 869 561 406 671 369 764 213 287 316 223 385 751 681 230 992 151 570 394 943 202 426 700 923 348 777 955 897 416 156 858 225 833 171 551 267 74 168 474 125 825 32 708 880 528 158 386 570 190 699 808 774 915 84 478 714 216 799 139 129 342 581 278 510 578 219 614 507 348 210 183 699
102 611 683 249 153 129 510 217 376 256 997 629 46 393 245 529 597 388 636 354 737 170 593 313 784 955 127 531 631 856 120 972 388 215 515 953 863 270 583 957 612 603 62 281 644 643 880 289 918 394 604 438 166 294 755 219 43 910 448 940 654 223 20 478 796 935 811 204 844 318 252 889 223 665 935 136 26 665 929 438 630
433 206 34 187 120 742 358 687 857 755 929 244 283 262 881 113 644 921 226 650 962 392 30 947 194 778 949 319 457 950 180 996 372 574 854 413 928 731 898 552 82 447 253 638 901 353 532 617 387 485 415 595 262 455 117 711 394 568 317 191 23 848 913 445 463 60 410 794 22 813 76 725 56 754 917 355 431 827 578 708 137
472 266 239 503 262 601 817 848 971 877 918 4 643 783 993 558 588 310 112 177 196 120 383 85 885 340 853 126 817 923 169 406 27 562 546 479 971 469 795 971 278 309 276 810 184 5 573 999 921 735 808 307 427 287 131 587 722 895 502 463 183 50 294 104 265 711 73 416 855 172 4 312 890 571 591 170 821 151 251 710 953
125 625 802 692 225 54 579 536 619 459 631 82 99 107 6 644 497 964 55 530 437 337 194 393 310 769 895 26 29 325 382 762 802 371 317 567 377 58 258 310 537 437 689 444 826 644 235 815 91 535 676 298 685 528 819 756 166 593 286 282 559 930 543 944 314 269 209 164 870 993 5 25 257 173 54 250 95 966 223 998 879
84 389 327 853 429 439 897 551 626 943 988 946 419 30 82 159 387 114 298 187 857 30 591 787 141 646 757 383 560 153 782 74 745 489 146 881 711 967 125 547 33 321 881 788 952 965 880 634 342 376 484 459 767 727 667 769 225 576 838 884 483 675 686 688 79 229 45 129 48 971 853 578 308 451 463 133 480 50 900 345 655
410 451 964 398 298 714 289 282 128 382 661 447 834 513 940 491 525 129 916 315 661 238 502 113 968 867 330 445 335 213 795 538 737 803 175 782 879 633 106 68 148 963 870 849 992 623 708 773 443 133 138 93 179 736 891 440 342 284 931 952 490 922 190 926 785 833 732 19 495 124 491 451 527 823 245 738 115 292 579 107 721
130 776 546 811 391 14 228 716 597 179 451 577 811 691 166 280 652 279 249 301 568 966 780 650 569 5 836 257 776 374 411 691 302 37 850 809 857 445 827 889 29 928 298 959 28 796 269 622 801 45 690 159 189 202 262 619 281 818 616 524 775 358 493 864 79 810 770 301 931 174 998 629 803 57 902 509 570 917 985 430 758
844 853 921 281 483 987 286 26 195 833 437 328 304 811 382 491 444 820 169 339 161 919 712 985 980 171 61 592 768 161 921 404 271 21 527 595 106 694 42 106 679 793 762 259 535 463 324 738 527 100 241 820 900 45 337 336 533 941 981 518 683 273 70 760 744 166 887 465 968 174 929 990 349 35 765 476 334 115 671 347 497
751 534 604 443 831 752 137 675 563 645 492 176 215 919 994 389 467 918 127 441 648 416 314 37 705 356 58 693 750 558 493 907 251 358 935 612 874 469 605 600 34 22 864 846 489 349 369 105 352 338 413 444 556 856 665 418 353 60 536 477 486 473 524 370 93 6 183 342 37 842 480 434 870 898 336 47 766 975 308 726 356
676 997 162 761 516 86 708 273 33 119 13 863 704 280 289 914 393 363 117 693 838 523 623 740 650 982 277 652 123 74 657 233 458 659 283 268 786 699 466 593 533 600 624 252 879 828 161 3 989 498 818 241 215 78 699 399 778 341 814 512 693 808 103 202 942 409 844 989 324 151 44 262 242 717 440 115 157 664 909 105 758
923 707 770 9 331 920 794 844 484 56 149 367 188 640 932 680 768 906 574 210 324 775 23 738 983 966 796 98 541 11 530 410 483 729 287 659 153 425 315 522 280 461 35 574 89 760 61 914 260 791 563 844 985 272 37 737 464 664 764 685 348 220 252 329 785 421 584 176 20 512 18 907 307 321 929 191 751 950 509 29 982
400 713 512 983 334 122 562 562 999 537 673 199 545 387 516 903 866 588 93 373 918 612 809 657 747 515 742 860 290 67 300 759 73 678 23 601 155 943 975 978 425 549 214 159 333 643 211 892 697 392 630 607 776 203 979 532 501 871 439 158 789 525 807 384 197 666 845 927 52 519 219 82 132 301 328 521 926 654 860 370 591
635 443 322 480 256 610 788 697 523 318 671 259 259 869 658 245 235 547 63 591 399 214 151 234 466 190 701 90 813 856 61 337 753 166 705 891 414 258 485 264 856 732 403 306 25 258 591 785 247 727 30 293 761 360 264 461 464 886 135 842 932 310 719 739 533 614 552 768 958 800 380 264 503 549 32 481 560 508 470 146 203
30 546 585 362 408 149 802 162 476 942 940 148 214 614 118 704 65 784 718 206 608 624 833 926 391 794 651 850 803 146 892 165 850 728 543 579 488 508 35 549 507 297 428 525 642 788 724 464 586 695 509 505 314 75 107 375 235 259 559 314 941 163 819 509 93 43 442 513 997 142 401 551 800 367 612 865 601 595 124 352 115
244 927 765 865 117 680 219 178 792 329 930 406 533 703 955 580 104 499 177 20 576 75 216 309 786 228 776 444 698 375 995 197 10 428 115 802 142 42 678 888 650 916 532 119 198 829 988 559 919 75 563 977 540 222 862 710 786 47 506 538 230 51 564 120 163 923 262 630 153 590 531 329 934 767 594 524 404 598 753 287 551
84 232 323 371 365 227 89 478 125 332 903 996 881 715 833 619 346 992 70 661 240 339 229 956 241 130 822 387 408 433 872 710 650 724 870 210 835 601 379 508 488 63 155 148 740 867 495 82 242 687 212 994 983 655 669 929 567 305 135 940 270 156 937 26 127 1 821 807 355 244 756 16 701 527 441 233 694 364 67 281 23
938 349 312 539 860 862 59 743 525 852 268 983 433 390 900 705 729 499 203 142 583 810 328 976 27 96 197 190 577 154 750 327 34 262 111 410 637 641 336 2 742 375 874 497 780 66 835 938 100 920 901 208 46 836 818 409 488 202 817 525 749 169 229 690 310 203 100 154 650 518 274 839 963 751 212 4 251 643 77 961 869
136 24 97 682 31 933 515 755 213 543 691 597 16 941 992 401 148 452 273 578 387 490 270 411 478 780 265 15 280 926 30 667 682 671 647 319 200 277 906 142 546 349 118 334 347 778 999 65 383 779 332 467 825 66 398 231 889 250 969 229 463 27 347 7 728 249 277 239 422 7 281 699 279 659 779 216 521 893 272 741 441
932 698 960 453 868 482 670 301 964 627 971 627 64 392 417 608 88 33 58 516 848 546 101 933 594 871 282 947 671 202 529 322 362 509 7 315 203 244 640 976 47 208 345 166 348 468 758 156 621 879 163 925 482 938 756 89 381 874 646 16 507 240 383 75 239 2 379 432 871 475 25 426 212 215 861 849 169 318 990 894 675
589 155 412 378 387 788 231 430 886 407 555 423 931 361 234 448 35 887 117 186 928 543 686 811 250 93 530 237 725 618 646 886 147 402 204 653 670 461 141 756 534 22 737 37 994 302 614 787 661 593 289 808 110 215 508 710 671 847 63 193 943 315 513 381 768 71 322 128 739 135 758 509 119 833 856 553 924 527 590 559 186
199 282 978 282 44 439 778 919 103 390 700 725 235 176 426 195 51 206 18 455 859 94 957 691 273 314 697 492 346 673 953 895 388 476 904 983 615 59 985 659 735 100 452 776 321 359 984 349 4 863 671 945 826 931 912 261 538 161 362 448 366 533 595 663 220 871 873 453 458 527 790 549 264 915 301 160 436 195 45 572 649
474 382 620 514 431 519 83 130 959 712 225 251 909 572 955 475 568 466 82 236 228 843 668 827 312 725 719 314 248 121 630 391 225 432 36 948 387 539 648 602 910 892 303 954 522 845 175 128 700 817 163 6 94 635 731 388 696 477 424 66 316 323 951 507 437 451 825 831 815 189 775 26 120 850 228 615 234 750 338 843 699
393 341 393 482 693 628 469 44 835 491 100 512 270 666 489 664 789 26 679 645 8 756 873 569 45 306 363 390 559 343 850 82 182 31 692 886 204 306 318 15 121 285 45 14 252 275 49 391 451 618 562 688 986 46 300 644 100 444 73 305 263 359 139 604 350 96 417 848 242 428 957 345 861 245 263 87 653 103 350 769 511
374 34 255 678 145 485 59 394 33 452 893 65 691 690 518 49 435 45 339 583 722 562 503 799 254 937 339 815 15 401 415 189 997 206 532 77 947 881 204 124 582 406 672 556 902 25 774 937 164 867 603 322 475 985 282 250 192 570 787 221 857 513 402 593 372 840 305 122 606 848 484 33 308 301 781 689 513 65 137 778 390
756 433 668 758 657 74 639 415 126 89 336 601 27 968 229 628 363 422 77 267 409 760 932 905 221 681 985 916 207 945 767 373 86 32 457 57 191 404 636 607 696 671 910 332 509 517 513 425 606 500 361 186 244 332 752 646 7 520 719 720 250 853 687 224 241 732 66 795 67 603 824 186 539 558 80 960 816 104 382 971 307
23 321 400 147 578 254 304 713 783 355 642 112 804 199 124 780 820 484 552 705 435 350 714 784 873 829 473 558 356 144 529 359 18 808 704 574 419 775 293 149 79 183 632 200 419 69 164 573 54 424 52 593 904 288 844 550 298 24 439 676 407 709 156 111 907 136 929 656 673 8 170 892 47 692 38 891 618 378 278 131 427
524 125 479 375 437 809 746 526 295 977 106 201 699 648 50 182 792 848 542 602 44 465 106 660 561 705 393 326 408 297 795 317 231 398 701 507 518 93 788 868 873 669 742 485 582 86 597 343 745 921 68 852 346 184 900 852 185 469 302 933 710 323 322 295 8 429 675 765 929 287 384 848 348 776 415 957 1 267 856 713 201
91 713 959 700 247 727 425 600 881 179 257 526 459 831 75 232 911 352 132 151 951 926 223 732 619 769 589 623 114 228 718 117 438 647 877 802 674 530 868 568 169 546 773 76 385 601 491 381 476 546 520 580 181 230 93 995 721 265 365 349 470 577 554 150 876 984 947 256 636 403 367 544 636 529 407 659 642 956 875 626 79
925 781 808 182 658 954 933 5 583 114 246 834 317 683 484 267 668 547 816 692 175 22 430 67 289 235 501 927 574 577 465 877 188 41 33 6 102 638 459 670 702 419 278 405 845 596 69 962 179 678 63 507 443 572 86 240 758 773 460 945 377 665 835 655 25 878 240 549 868 324 240 112 903 132 977 898 632 158 350 521 480
539 504 931 459 883 243 846 288 316 222 992 333 997 395 79 635 220 938 763 309 368 410 700 641 664 533 227 188 320 972 939 419 553 922 758 722 973 2 199 814 649 340 640 755 593 188 237 631 606 567 867 579 198 830 911 24 244 140 418 247 786 487 161 808 45 467 213 815 117 562 645 452 77 953 154 946 170 835 850 926 644
372 749 530 601 91 554 215 101 423 395 221 514 8 128 28 797 683 507 185 911 628 732 828 977 312 176 178 671 711 418 940 737 293 896 144 924 228 769 825 9 640 678 120 73 373 466 375 401 504 11 589 543 15 772 47 797 270 514 742 828 624 167 197 334 771 788 940 781 619 159 920 695 302 552 123 934 359 46 662 354 838
169 170 293 340 667 625 499 11 801 381 89 798 76 34 332 897 828 765 536 914 617 501 581 438 977 350 338 595 214 450 28 992 674 387 953 809 596 254 610 771 147 164 724 216 213 393 233 57 722 427 421 563 693 414 952 60 553 1 434 376 511 713 195 235 645 501 829 65 64 909 556 496 212 133 302 101 609 790 463 559 819
819 33 564 891 840 324 863 688 899 207 527 611 691 481 4 548 520 248 448 988 242 717 599 549 407 917 185 721 613 75 706 184 12 928 914 545 873 391 937 97 373 240 803 79 999 16 508 246 720 295 780 520 753 52 973 625 574 904 89 804 764 248 332 688 471 95 569 956 936 449 20 528 418 997 944 865 844 743 289 149 738
413 602 751 188 188 286 114 389 728 458 845 424 788 217 174 591 235 929 138 176 774 706 814 673 46 720 803 570 161 287 912 717 356 145 230 891 156 576 436 500 470 222 929 497 938 330 848 416 501 795 829 85 951 706 872 394 364 533 452 482 830 377 651 951 63 539 90 163 966 414 798 743 209 327 168 699 11 411 571 592 851
733 655 607 815 202 91 774 18 888 251 234 494 122 344 607 865 179 998 661 735 960 815 584 870 2 385 588 73 488 603 20 96 527 584 896 73 732 434 363 3 247 547 508 600 507 293 109 127 243 723 836 981 164 512 343 278 1 965 24 747 199 489 748 243 674 737 808 268 678 799 965 566 922 317 863 338 690 453 151 724 201
767 83 496 430 550 552 6 278 560 625 869 242 55 787 645 366 249 673 293 214 166 432 953 651 287 18 372 700 624 611 311 401 628 778 411 415 353 670 483 42 369 168 298 773 422 31 686 526 545 192 865 862 325 961 963 820 540 673 464 682 280 424 389 614 579 654 4 81 321 27 68 552 603 240 829 922 109 804 68 298 485
636 560 693 644 812 619 998 680 595 369 394 449 382 266 538 539 531 935 85 299 512 555 907 140 552 803 132 944 834 70 261 98 566 500 682 683 444 488 253 676 671 124 289 232 348 893 688 832 916 891 362 86 470 478 72 852 894 12 240 799 7 111 406 169 517 478 819 629 97 275 631 991 239 338 479 73 923 68 838 147 563
705 253 697 485 404 344 700 839 990 572 766 643 375 719 145 535 456 530 932 997 749 734 957 388 361 106 536 432 241 506 334 830 694 824 909 715 285 611 648 727 675 442 63 202 273 270 877 197 243 43 654 674 382 660 63 513 579 673 596 33 290 412 781 949 823 985 401 285 770 913 661 150 850 462 432 983 544 447 929 998 651
557 274 880 780 787 281 712 135 590 501 251 665 789 648 973 17 947 340 233 4 108 741 969 620 563 566 560 767 616 866 762 466 242 536 296 465 149 818 398 689 994 451 204 669 509 215 938 696 521 469 469 215 493 114 63 797 665 72 451 894 227 629 909 316 623 122 592 312 661 970 787 744 58 111 276 609 161 638 50 914 507
653 206 660 747 335 512 149 563 916 416 943 866 44 373 541 743 984 289 326 380 857 644 683 813 359 616 929 837 130 689 485 580 448 523 336 319 197 868 860 718 184 891 9 863 613 147 165 371 33 14 721 295 745 742 546 66 756 534 656 439 781 208 563 393 905 675 559 194 304 406 379 62 111 982 77 405 228 763 517 861 59
436 577 974 525 221 392 271 648 423 162 997 325 121 52 876 725 589 974 272 797 241 233 957 772 102 897 416 837 293 318 221 846 556 350 965 397 856 924 412 715 486 686 251 843 147 396 82 778 754 503 453 103 292 706 652 502 735 168 852 263 426 208 31 634 421 768 589 258 778 913 324 432 290 203 739 477 4 510 959 690 477
157 5 346 486 342 345 80 693 491 844 792 853 596 117 23 311 648 573 658 485 169 639 628 835 641 179 640 882 698 233 873 43 775 322 499 270 268 564 755 874 70 643 175 951 256 639 49 638 319 808 66 768 354 951 816 581 541 441 286 390 565 821 744 987 63 961 220 645 892 643 876 33 226 451 346 681 612 719 886 2 401
51 743 303 677 61 921 516 455 962 174 364 604 67 928 631 374 327 493 435 756 744 635 853 939 789 884 737 543 231 214 168 643 554 995 789 163 497 433 263 723 836 372 720 508 858 452 205 775 314 807 516 278 191 852 861 16 614 427 919 94 642 309 596 109 914 135 108 65 443 318 387 154 25 468 727 504 884 186 999 927 382
971 736 970 923 587 988 34 763 133 255 144 488 873 50 479 815 380 520 620 883 939 439 572 842 342 444 788 602 863 608 866 647 831 273 503 603 92 369 833 828 275 950 220 913 703 692 717 231 742 475 222 658 499 493 221 198 832 320 70 557 978 607 386 954 83 851 166 994 277 703 366 651 851 412 579 282 840 418 553 410 453
846 923 860 132 940 177 9 469 630 642 234 787 299 707 695 88 703 460 557 771 516 287 668 80 726 886 542 191 706 339 202 453 416 838 805 186 531 19 502 908 74 791 863 307 937 875 434 723 52 118 670 680 579 406 746 950 591 311 437 657 325 396 303 337 348 442 935 693 52 226 228 251 509 110 913 310 130 748 481 486 762
981 593 327 708 147 217 247 544 295 503 983 580 24 283 170 466 129 193 613 780 39 781 207 155 125 422 490 901 731 225 290 421 50 304 651 681 10 534 437 562 783 887 905 689 979 398 932 840 728 55 104 534 698 239 480 884 97 91 217 695 148 241 701 419 31 352 173 786 390 427 854 675 636 806 383 633 828 339 908 377 712
579 612 788 208 967 212 294 367 985 95 493 915 254 578 7 31 15 15 871 590 507 793 526 263 690 604 927 450 443 15 250 966 776 737 117 829 173 569 905 149 532 755 416 140 257 394 878 138 230 394 59 962 20 665 244 366 535 401 333 595 904 887 232 677 183 391 235 619 527 500 658 616 661 84 935 242 266 718 411 371 483
156 728 238 26 156 407 903 575 692 517 714 459 909 291 951 815 366 93 47 661 892 91 556 486 618 610 717 830 372 447 585 564 197 672 133 539 679 326 399 55 269 638 307 657 381 591 706 499 185 256 511 312 373 419 596 571 537 759 737 374 500 433 582 293 639 108 594 916 213 603 640 16 867 676 616 30 167 956 913 798 241
111 971 437 411 261 418 285 590 469 207 609 42 379 940 736 764 185 394 232 912 296 394 327 571 989 24 977 787 819 497 561 585 587 354 787 960 295 543 806 486 486 622 817 637 478 123 237 795 60 289 249 383 861 569 795 602 207 203 681 419 831 393 930 94 462 715 970 179 651 305 431 461 19 597 429 709 266 731 219 702 442
885 644 919 349 967 197 830 40 391 61 520 977 74 522 159 615 112 652 313 350 358 608 198 318 297 692 990 210 204 809 802 931 51 53 850 364 116 993 526 970 171 531 599 148 726 955 222 72 731 396 918 730 423 629 127 920 594 108 42 936 508 579 283 75 939 777 960 450 483 823 99 263 210 692 966 406 51 446 829 757 286
628 970 999 506 262 240 240 826 895 409 770 773 752 54 575 694 710 394 266 866 686 199 839 961 179 580 385 930 21 110 889 326 553 591 626 895 148 582 439 201 919 328 462 343 746 84 153 538 397 846 741 947 771 462 682 868 97 539 892 322 568 689 450 517 326 754 161 18 178 136 958 610 552 322 614 545 712 379 794 375 722
893 251 600 723 187 388 889 605 977 469 841 61 178 981 232 767 954 649 213 934 442 821 849 176 725 307 626 340 386 591 349 210 911 325 425 685 862 355 748 417 593 317 767 531 613 37 474 493 657 328 157 559 259 837 821 308 926 162 81 877 601 301 795 576 62 408 460 720 791 430 599 405 174 247 393 128 544 609 441 62 820
763 768 109 264 279 706 387 982 249 918 232 891 263 994 494 686 552 93 835 691 838 638 881 619 611 328 666 749 415 681 962 728 83 854 421 688 773 385 699 123 23 882 675 251 126 744 467 990 849 189 605 477 726 852 715 932 739 412 178 657 341 286 561 736 392 363 246 95 278 851 248 662 395 477 86 502 632 792 603 974 709
109 802 390 66 483 482 920 194 829 986 787 334 168 473 899 285 241 620 560 227 547 524 810 421 784 95 331 975 14 849 509 384 730 386 269 732 820 233 191 610 491 352 389 959 161 823 654 225 9 739 776 363 823 343 86 953 850 910 903 392 899 988 249 902 133 658 753 846 580 5 202 969 726 933 722 635 737 701 76 47 894
274 273 196 272 10 155 374 129 270 56 209 950 517 503 449 694 311 727 669 108 589 832 54 78 923 986 44 249 966 876 298 324 94 387 701 573 165 356 175 656 345 723 945 991 34 519 855 405 591 893 204 224 199 453 898 678 640 58 386 791 232 397 457 320 977 871 30 626 589 575 239 472 992 164 195 805 302 802 813 183 693
36 361 635 712 208 901 497 68 709 879 210 548 864 957 345 720 154 974 211 150 529 96 189 551 632 199 316 680 746 344 805 893 894 155 271 673 998 651 465 679 855 59 789 278 580 630 730 763 876 564 510 892 387 379 99 94 16 875 426 141 21 775 634 95 795 181 588 187 601 218 506 126 771 136 387 272 157 551 878 838 860
264 622 220 771 765 298 131 671 168 726 484 168 421 483 412 760 169 277 634 888 915 247 972 562 946 314 238 519 738 639 686 111 109 367 393 889 212 19 824 114 520 735 469 194 527 382 403 111 917 621 617 992 232 71 837 80 53 769 690 786 613 636 923 884 297 804 877 265 448 35 648 308 352 167 635 321 361 52 818 266 626
627 31 583 476 577 693 756 529 537 993 836 258 833 896 767 630 918 443 755 273 518 348 617 827 977 736 364 371 705 243 166 650 584 57 65 153 248 72 151 306 371 263 390 370 179 133 1 800 217 304 66 350 945 930 638 919 811 328 199 330 687 71 298 823 255 26 837 958 282 119 514 499 917 558 437 580 142 734 650 965 402
272 961 860 212 511 373 345 98 970 295 444 799 146 158 680 128 583 843 784 965 644 709 973 568 203 323 369 551 892 28 712 723 659 973 136 466 627 977 977 685 44 754 381 500 6 245 579 982 356 973 787 845 604 375 61 904 73 548 800 736 893 732 432 381 485 985 82 850 123 423 8 377 466 338 648 817 45 479 983 55 226
283 843 284 312 127 849 475 595 273 326 344 658 757 356 204 958 191 800 834 977 837 578 591 553 924 965 617 854 470 273 358 940 317 24 196 127 517 63 341 329 330 240 630 542 700 815 545 919 782 818 743 547 868 487 140 323 922 651 504 919 862 290 721 359 515 616 386 90 284 717 133 100 321 168 280 482 250 478 510 797 501
79 498 343 163 331 733 592 444 44 984 741 934 911 646 877 308 630 41 481 468 320 580 319 954 537 251 16 768 828 871 143 744 228 485 154 570 49 930 619 710 572 920 376 830 472 263 631 878 353 964 572 961 288 462 399 836 233 743 524 212 441 676 939 614 166 348 850 14 422 44 704 241 6 384 407 719 90 684 153 874 570
584 77 758 672 770 224 352 137 247 421 384 591 345 514 792 811 417 164 340 695 755 306 388 729 833 208 342 891 970 40 735 586 239 340 546 780 703 928 521 394 787 190 282 467 491 541 475 750 413 5 213 580 539 549 945 899 329 245 450 201 98 65 434 559 744 933 668 251 37 451 205 159 383 538 491 572 977 6 167 244 595
376 556 461 716 333 806 868 57 563 40 208 72 936 942 797 172 732 140 699 119 309 352 137 598 780 421 23 483 998 872 102 516 351 536 24 293 249 853 592 551 197 830 589 821 455 473 133 295 26 620 986 185 716 448 937 996 704 604 57 859 32 469 967 140 663 152 380 668 662 28 9 300 169 547 590 978 193 450 244 624 840
216 955 730 118 534 174 739 511 404 565 986 111 524 569 972 381 810 191 430 794 727 594 918 285 450 20 25 157 916 890 65 882 862 702 662 81 622 58 814 451 302 625 410 232 907 892 362 625 203 527 210 708 355 922 907 727 607 204 813 431 82 810 807 116 482 740 270 809 988 309 633 877 847 174 11 442 735 793 496 124 557
828 984 352 355 867 803 330 726 251 176 470 73 133 333 484 317 594 495 373 557 499 633 925 919 633 78 606 30 315 26 13 39 248 331 916 19 340 404 906 972 642 395 304 41 906 249 682 199 536 422 852 814 390 72 691 626 388 565 826 106 861 293 434 178 14 389 261 948 855 414 914 238 560 925 703 998 534 661 15 151 587
516 502 246 310 492 24 68 126 503 784 525 282 44 743 573 418 533 210 665 824 176 372 928 338 683 811 247 323 377 460 826 640 949 16 719 605 255 398 961 945 244 452 247 193 847 980 444 305 286 559 461 150 963 914 118 274 525 94 483 451 775 788 438 583 60 295 807 393 601 706 764 131 907 441 341 73 449 12 80 972 385
991 307 265 74 125 572 246 428 985 619 980 221 75 827 121 297 623 988 602 901 484 987 720 859 526 29 484 783 9 941 970 585 301 912 762 116 205 341 674 891 827 705 370 972 557 840 266 357 523 793 13 463 508 594 255 701 938 258 895 44 959 92 543 92 645 611 343 508 53 200 729 407 729 127 120 76 120 314 605 479 169
886 83 956 579 510 139 526 278 973 792 472 689 741 580 730 506 16 817 830 908 984 155 319 250 920 93 644 631 660 464 614 192 73 788 30 929 876 993 987 665 173 731 294 482 67 33 805 469 838 7 823 652 242 357 29 269 785 365 840 672 278 427 664 152 254 848 73 642 511 33 636 325 617 3 589 702 766 156 500 926 799
433 797 158 352 646 411 196 156 833 107 705 941 999 854 304 677 399 949 944 391 461 363 494 787 211 384 687 881 319 225 731 126 608 539 341 261 774 282 314 767 785 191 141 330 211 463 106 170 254 92 787 57 848 231 388 520 478 469 888 829 903 393 295 717 368 628 893 693 276 134 743 814 914 745 549 820 365 117 964 516 17
86 791 621 759 692 629 296 2 849 714 731 279 31 324 721 615 177 165 654 54 150 160 227 290 946 971 904 442 414 232 738 300 927 806 927 10 742 918 187 816 559 508 265 566 6 411 848 625 622 234 514 9 529 950 855 958 308 663 840 954 118 401 64 257 577 946 744 510 498 392 793 451 382 973 504 323 678 208 929 636 689
51 709 692 179 918 175 797 406 344 82 526 16 778 709 484 436 635 95 772 292 599 555 587 525 737 80 304 29 339 430 454 190 458 498 195 659 209 854 795 110 596 635 829 630 793 819 849 501 841 525 613 496 728 822 538 9 143 990 566 546 141 376 834 282 208 344 820 386 724 857 864 402 410 164 435 287 363 421 814 170 720
992 81 861 335 121 277 155 268 664 193 908 272 71 526 580 304 600 176 917 216 612 667 63 930 516 91 11 944 745 352 375 293 672 341 821 675 166 517 959 698 106 414 63 947 373 726 906 252 268 859 908 462 187 943 728 525 430 161 93 111 583 734 855 637 91 805 505 440 477 560 594 785 310 634 451 468 952 279 285 194 223
452 936 972 151 61 358 723 57 89 373 969 975 692 522 565 507 979 494 692 24 465 88 249 316 993 794 773 491 854 855 416 889 366 311 400 145 449 615 406 509 240 341 63 82 815 6 974 328 193 68 433 403 375 746 919 539 509 622 376 376 786 609 385 79 234 710 250 171 316 707 858 616 745 728 709 252 219 641 423 325 274
144 578 656 578 414 824 830 668 78 421 412 288 268 134 456 561 596 149 54 52 582 558 106 348 16 323 387 787 71 310 866 74 604 526 936 34 603 969 500 435 252 422 206 98 949 268 477 788 931 185 132 246 90 587 620 616 287 375 617 193 796 812 515 202 279 319 40 775 344 731 469 921 371 83 879 105 114 541 984 714 221
555 432 940 529 467 581 404 593 44 774 974 48 549 467 741 81 928 317 18 158 577 112 608 652 154 152 464 22 988 27 349 942 646 23 715 771 833 568 410 392 957 921 590 739 590 31 290 24 758 30 366 998 83 175 440 33 940 80 739 375 967 621 197 569 282 18 691 466 528 390 151 361 378 491 35 86 334 715 81 837 5
