0 0 0 0 0 994 0 0 0 0 994 0 994 0 0 994 994 0 0 0 994 0 0 0 994 0 0 994 0 0 994 0 0 0 994 994 994 0 0 0 0 994 0 0 0 0 0 0 0 0 0 0 0 0 0 0 0 994 0 0 0 994 994 0
994 0 994 994 994 0 994 0 0 0 994 994 0 0 0 0 994 0 0 0 0 994 0 994 0 0 0 0 0 0 0 0 0 994 0 0 0 0 0 0 0 0 0 0 0 0 0 0 0 994 0 994 0 0 0 0 0 0 0 0 994 0 0 0
0 994 994 0 994 0 0 0 994 0 0 0 0 0 0 0 0 0 0 0 0 0 0 994 0 0 0 0 994 0 0 0 0 0 994 0 994 0 0 0 994 0 0 0 0 0 994 0 0 0 0 994 0 0 0 994 0 0 0 994 994 994 0 994
0 0 0 0 0 0 0 0 0 0 0 0 0 994 0 0 0 0 0 0 0 0 994 994 0 994 0 994 0 994 0 0 0 994 994 0 0 0 0 0 0 0 0 0 0 0 0 0 994 0 0 0 0 994 0 0 994 0 0 994 0 0 0 0
0 0 0 0 0 0 0 994 994 0 994 994 994 994 994 0 0 0 0 0 0 0 994 994 0 0 994 0 0 994 0 994 0 0 0 0 0 0 994 0 0 0 0 994 0 994 0 0 994 994 0 994 0 0 0 994 0 0 0 0 994 0 0 0
0 0 994 0 0 0 0 0 0 0 994 994 0 0 0 0 0 0 0 0 0 0 0 0 0 994 0 0 0 0 994 0 994 0 0 994 0 0 0 994 0 0 994 0 994 0 0 0 0 994 0 0 0 0 994 0 0 0 0 0 0 994 994 0
994 0 0 0 0 0 0 994 994 0 0 0 0 0 994 0 994 0 0 0 0 0 0 0 994 0 994 0 0 994 994 994 0 0 0 994 0 0 0 994 0 994 0 0 994 994 994 0 994 994 0 994 0 0 0 0 994 0 0 0 0 0 0 0
0 994 0 0 994 0 0 0 0 994 0 0 0 0 0 994 0 994 994 0 0 0 0 994 0 0 0 0 0 0 0 0 0 0 994 0 0 994 994 994 994 0 0 0 0 0 0 0 0 0 0 0 0 994 0 0 0 0 0 0 0 0 0 0
0 0 0 0 0 0 0 0 0 0 994 0 994 0 0 0 0 994 0 994 0 0 994 994 0 0 0 0 0 0 0 0 994 0 0 0 0 0 0 0 0 994 0 994 0 0 0 0 0 0 0 0 994 0 0 0 994 0 0 0 994 0 0 0
0 0 0 994 0 0 994 994 994 0 994 0 0 0 0 0 994 0 0 0 0 0 0 0 0 0 0 0 0 0 994 0 0 0 994 0 994 0 0 0 994 0 0 0 994 0 994 0 0 994 994 0 0 0 0 0 0 0 0 994 0 0 0 994
0 0 0 994 0 0 0 0 0 0 0 994 0 994 0 994 994 994 994 0 0 0 994 0 0 0 0 0 0 0 0 994 0 994 994 994 0 0 0 0 994 994 994 0 0 0 0 0 994 0 994 0 0 0 0 0 0 0 0 994 0 0 0 994
0 994 994 0 994 0 0 0 0 0 0 0 0 994 0 994 0 0 994 0 0 0 0 0 0 0 0 994 994 994 0 0 0 0 994 0 994 0 0 0 0 0 0 994 994 994 0 994 0 994 994 0 0 0 0 0 0 0 0 994 0 0 0 994
994 0 994 0 994 0 0 994 0 994 0 0 0 994 0 0 994 0 0 0 0 0 0 0 994 0 0 0 994 0 994 994 0 0 0 994 0 0 0 0 0 994 0 0 994 0 0 0 994 0 0 994 0 0 0 994 994 0 0 0 0 994 0 994
0 0 0 0 0 994 0 0 0 0 0 0 0 0 994 994 0 0 0 994 0 0 0 0 994 0 0 0 0 0 0 0 0 0 994 0 0 0 0 0 0 0 0 994 0 0 0 0 994 0 0 0 0 0 0 994 0 0 0 0 0 0 0 0
0 0 994 0 994 0 0 0 994 0 0 0 0 0 0 0 994 0 0 0 994 994 0 0 994 0 0 0 0 994 0 0 0 0 0 994 0 0 0 994 994 0 994 0 994 0 0 0 0 0 0 0 994 0 0 0 0 0 0 994 0 0 0 0
994 0 0 0 0 994 0 0 994 994 0 0 0 0 0 0 0 0 994 0 994 0 0 0 0 994 0 994 0 994 994 0 994 994 0 994 0 994 0 0 0 0 0 994 994 0 0 0 0 0 994 0 0 0 0 0 994 994 0 994 0 994 0 0
0 0 0 0 0 0 994 994 0 0 0 0 0 0 0 0 0 0 994 994 0 0 0 0 994 0 0 0 0 0 0 0 994 0 0 0 0 994 0 0 0 0 0 0 994 0 994 994 0 0 0 0 0 0 0 0 0 994 0 994 994 0 0 994
994 994 0 0 0 0 0 0 0 0 0 0 994 0 0 0 0 0 0 0 0 0 0 994 994 0 994 0 0 994 0 0 0 0 994 994 0 0 0 0 0 994 0 0 0 0 994 0 0 0 0 0 0 0 0 994 994 994 0 0 0 0 0 994
0 0 0 0 0 0 0 0 0 0 0 0 0 0 994 0 0 0 0 0 0 994 0 0 994 0 0 994 0 994 0 0 994 0 0 994 0 994 0 994 0 994 994 0 994 0 0 994 0 994 0 994 0 0 0 0 0 994 0 994 0 0 0 0
0 0 0 0 0 0 0 994 994 0 0 0 994 0 0 994 0 0 0 994 994 0 994 994 994 994 0 0 994 0 0 0 994 0 0 0 0 994 0 0 0 0 0 994 0 0 0 0 994 0 0 0 0 0 0 994 0 0 0 0 0 0 0 0
0 0 0 994 994 0 0 0 0 0 994 0 0 994 994 994 0 994 994 994 0 994 0 0 994 994 0 0 0 0 0 0 994 0 0 0 994 0 994 0 994 0 0 994 994 0 0 0 994 0 0 0 0 0 0 0 0 0 0 0 0 994 0 0
994 994 0 0 0 0 994 0 0 994 0 0 994 0 994 994 994 0 0 994 994 994 0 994 0 0 0 0 0 0 0 0 0 0 0 0 994 0 994 0 0 0 994 0 0 0 0 0 0 0 0 0 0 0 0 0 0 0 0 994 994 0 0 0
994 0 994 0 0 0 0 0 994 0 994 0 0 0 0 0 0 0 0 994 0 994 994 0 0 994 0 0 0 0 0 0 0 994 0 0 0 0 0 0 0 0 0 0 0 0 0 0 0 0 0 0 0 0 0 0 994 994 0 994 0 0 0 994
0 0 0 0 0 0 0 994 994 0 0 0 994 0 0 0 0 0 994 0 0 0 0 0 994 0 0 0 0 994 0 0 0 0 0 0 0 994 0 0 0 0 0 0 994 0 0 0 0 994 994 0 0 0 0 0 994 0 0 0 994 0 0 0
0 0 0 0 0 0 994 0 0 994 0 994 0 0 0 0 0 0 994 0 0 994 994 0 0 0 994 994 994 994 0 0 0 0 994 0 0 0 0 0 994 0 0 0 0 0 0 0 994 0 0 0 994 0 0 0 994 0 0 0 994 0 994 0
994 0 994 0 0 0 0 0 0 0 0 0 994 0 0 0 994 0 994 0 0 0 0 0 994 0 0 0 0 0 0 994 994 994 0 994 994 0 0 994 0 0 0 0 0 0 0 0 994 994 0 0 994 994 0 994 0 0 0 0 0 994 0 0
0 0 0 0 994 994 0 0 994 0 994 0 994 0 994 994 0 0 994 0 0 994 994 994 994 0 994 0 0 0 994 0 0 0 0 994 0 0 0 994 0 0 0 0 994 0 0 0 0 0 994 0 0 0 994 0 0 0 994 994 0 0 0 0
0 0 0 0 0 0 0 0 0 0 0 0 994 994 0 0 994 0 0 0 994 0 0 0 0 0 0 0 994 0 994 994 0 994 0 0 0 994 0 994 994 0 0 0 0 994 0 0 0 0 0 0 0 0 0 0 0 0 994 0 994 0 0 0
0 0 994 0 994 994 0 0 0 0 0 994 0 994 0 994 0 0 994 994 994 0 0 994 0 0 0 0 0 994 0 0 0 0 0 0 0 994 994 0 0 0 0 0 994 0 0 994 0 0 0 994 0 0 0 0 994 0 0 0 0 0 0 0
0 0 0 0 994 0 0 0 994 0 0 994 994 0 0 0 994 0 0 994 994 994 994 0 0 0 994 0 0 0 0 994 994 0 994 0 994 0 0 0 0 994 994 0 0 0 0 0 0 0 0 0 0 0 994 0 0 0 0 0 0 994 0 994
0 0 994 0 0 0 0 0 0 0 0 0 0 0 994 0 994 0 994 0 0 0 0 0 0 0 0 0 994 0 0 0 0 0 0 0 0 0 994 0 0 994 0 0 994 0 0 0 0 0 0 0 994 0 0 0 0 0 994 0 994 994 0 994
0 0 994 994 0 0 0 994 0 994 0 994 0 994 994 0 0 0 0 0 994 0 0 0 994 0 994 994 0 994 994 0 994 0 0 0 0 0 994 994 0 0 994 0 994 0 0 0 0 0 0 994 0 0 0 994 0 0 0 994 0 994 994 994
0 0 0 0 0 0 0 0 0 0 994 0 0 994 0 0 994 994 994 0 0 0 0 0 0 0 0 0 994 0 0 0 0 0 0 0 994 994 0 0 0 0 0 0 0 0 0 0 0 0 0 0 994 0 0 0 0 0 0 0 994 0 0 0
0 994 0 0 0 994 0 0 0 0 0 0 0 0 0 0 994 0 994 0 0 0 0 0 0 0 0 0 0 0 0 994 994 0 0 994 994 0 0 0 994 0 994 994 0 0 0 0 0 0 0 0 0 0 0 0 994 0 0 994 994 0 994 0
0 0 0 0 0 0 0 0 0 0 0 0 0 994 0 0 0 0 0 0 994 0 0 0 0 0 0 0 994 994 0 0 0 0 0 0 0 0 0 0 0 0 0 0 994 0 994 0 0 994 0 0 994 0 0 994 994 0 994 0 0 0 0 0
994 994 994 994 0 0 0 994 0 0 0 0 0 0 0 0 0 994 994 0 0 0 994 994 0 0 0 0 0 0 0 0 0 0 994 994 0 994 994 0 0 994 0 0 0 994 0 0 0 0 0 994 994 0 0 0 0 0 0 0 0 0 0 994
0 994 0 0 994 0 994 994 994 0 0 0 0 0 0 994 0 0 0 994 0 0 0 0 994 0 994 0 994 0 994 994 0 0 0 0 0 0 994 0 0 0 0 0 994 0 0 0 0 0 0 994 0 0 0 0 994 0 0 994 0 994 0 994
0 0 0 994 0 994 994 0 994 0 0 994 0 994 0 0 994 0 0 0 0 0 0 0 994 994 0 994 0 994 0 994 0 0 0 0 0 0 994 994 994 994 0 0 994 0 994 0 0 0 0 0 0 994 994 0 0 0 994 0 0 994 0 994
994 0 0 0 994 994 0 994 0 0 0 0 0 0 0 994 0 0 0 0 0 0 0 0 994 0 994 0 0 0 0 0 0 994 0 0 0 0 0 994 994 0 0 0 0 0 0 994 994 0 0 0 0 0 0 0 0 0 0 0 0 0 0 0
994 994 0 0 994 0 0 994 994 994 0 0 0 994 0 994 0 0 0 0 994 0 0 994 0 0 0 0 0 0 0 0 0 0 0 994 0 994 994 0 994 0 0 0 0 994 994 0 0 0 0 994 0 0 0 0 994 0 994 994 994 0 0 0
0 994 0 0 0 0 994 0 994 0 0 0 0 0 994 994 0 0 0 0 0 0 0 0 0 0 0 0 994 0 0 0 0 994 0 0 0 994 0 0 0 0 0 0 0 0 994 994 0 0 994 0 0 0 0 0 0 0 0 994 0 994 0 0
994 0 994 0 0 0 0 994 0 0 994 0 0 0 0 994 0 0 0 0 0 0 0 0 994 0 0 0 0 0 0 0 0 0 994 0 0 0 0 0 994 994 994 0 0 0 0 0 0 0 994 0 0 0 994 0 0 0 0 0 994 994 0 0
994 0 994 0 0 0 0 994 0 0 994 994 0 0 0 0 0 0 994 0 994 0 0 0 0 0 0 0 0 0 994 994 0 0 0 994 0 0 0 0 0 0 0 0 0 0 994 0 0 0 0 0 0 0 0 994 0 0 0 0 0 0 0 0
0 994 0 0 0 0 0 0 0 994 0 0 994 0 0 0 0 0 994 0 0 0 0 0 0 0 0 0 994 994 994 0 0 994 0 994 994 994 0 994 994 994 994 994 994 994 0 994 0 0 0 0 0 0 0 0 0 0 994 0 994 0 0 0
0 994 994 0 0 0 0 0 0 0 994 994 0 0 0 0 0 0 994 0 0 0 0 0 0 0 0 0 0 0 0 0 0 0 0 0 0 0 0 0 0 0 0 0 0 994 0 994 0 994 0 0 0 0 0 994 0 0 0 0 994 0 994 994
994 0 994 994 994 0 994 0 0 994 0 0 0 994 994 0 0 0 994 994 0 0 0 994 994 994 0 994 0 0 0 0 994 994 994 0 0 0 0 0 0 0 0 0 0 0 994 0 0 0 994 0 0 0 0 0 0 0 0 0 994 0 0 0
0 0 0 0 994 0 0 0 0 0 0 0 0 0 0 0 0 0 0 0 0 0 994 994 994 994 0 0 0 0 0 0 0 0 0 0 0 994 994 0 0 994 0 0 994 0 994 0 0 0 0 994 994 0 994 0 0 0 994 0 0 0 0 994
0 0 994 0 0 994 0 0 0 0 0 0 0 0 0 0 0 994 994 0 0 0 0 0 0 0 0 0 0 0 0 994 0 0 0 0 0 0 0 994 0 0 0 994 994 0 994 0 994 994 0 0 994 0 0 0 0 994 0 0 0 0 0 0
0 0 0 994 0 0 0 994 994 0 0 0 0 0 994 994 0 994 0 994 0 0 0 0 0 0 994 0 0 0 0 0 0 0 0 0 994 0 0 0 0 0 0 0 0 0 0 0 0 0 994 994 0 994 0 0 0 0 994 0 994 994 0 994
0 0 0 0 994 0 0 0 0 0 0 0 0 994 0 0 0 0 0 0 0 0 994 0 0 0 0 0 0 994 0 0 994 0 0 0 0 0 0 0 0 0 0 0 0 994 0 0 0 0 994 0 0 0 0 0 0 0 0 0 0 0 0 994
0 0 994 0 0 0 994 0 0 0 0 0 0 0 0 0 0 0 0 0 0 0 0 994 0 994 994 994 0 0 0 0 0 0 0 0 994 994 0 994 0 0 0 0 0 0 0 0 994 994 994 0 994 0 0 994 0 0 0 0 0 994 0 994
994 0 994 0 0 0 0 0 0 0 0 0 994 0 0 994 0 994 0 994 0 0 994 0 0 0 0 0 0 0 0 994 0 994 994 994 0 0 994 994 0 0 0 0 0 994 0 994 0 0 994 0 0 0 0 0 0 0 0 0 0 0 0 994
0 0 994 0 0 994 0 0 0 0 0 0 0 0 0 0 0 994 0 0 994 0 0 0 0 0 0 994 0 0 0 0 0 0 0 994 0 0 0 0 0 0 0 0 994 0 0 994 994 0 0 0 0 0 994 0 0 0 0 0 994 0 0 0
0 0 0 0 994 994 0 994 0 994 0 0 994 0 994 994 0 0 0 994 0 994 0 994 0 0 0 0 994 0 0 0 0 0 0 0 0 0 0 0 0 0 0 0 0 0 0 0 994 994 0 994 0 0 0 0 0 0 0 994 994 0 994 0
994 0 0 0 994 994 0 0 0 0 0 994 0 0 0 0 0 0 0 0 0 0 994 0 994 994 0 0 0 994 0 994 0 0 0 0 0 0 0 0 994 0 0 994 0 994 0 0 994 994 994 0 0 0 994 994 994 0 0 0 994 0 0 0
994 0 0 0 994 0 0 0 994 994 994 0 994 994 0 0 0 0 994 0 994 0 0 0 0 0 0 994 994 994 0 0 0 0 0 0 0 0 0 994 0 0 0 0 0 0 994 994 0 0 994 994 0 0 0 0 994 0 0 0 0 0 0 0
0 0 0 994 0 0 0 0 0 994 0 994 0 0 0 0 0 0 0 0 0 0 0 0 0 0 994 0 994 0 0 0 994 994 0 0 0 0 0 994 0 994 994 0 0 0 0 0 994 0 994 0 0 994 994 0 994 0 994 0 0 0 994 0
994 0 0 994 0 0 0 0 994 994 0 994 0 0 0 0 994 0 0 0 0 0 0 0 0 0 0 994 0 0 994 0 0 994 0 994 0 0 994 0 0 0 0 0 0 0 0 0 0 0 0 0 0 0 994 994 0 994 0 0 0 0 0 0
994 0 994 994 994 994 994 0 0 994 0 0 0 0 994 994 0 0 0 0 0 0 0 0 0 0 0 0 0 0 0 0 0 994 0 0 0 0 0 0 0 994 0 0 0 0 0 994 0 994 0 994 0 994 0 994 0 0 0 0 0 0 0 0
994 0 0 994 0 0 0 994 0 0 994 0 994 994 0 0 0 0 0 0 0 0 0 0 0 0 0 0 0 0 0 994 0 0 0 0 0 0 0 994 0 0 0 0 0 0 0 0 0 994 0 0 994 0 0 0 0 0 994 0 0 0 0 0
0 0 0 0 0 994 0 0 0 994 0 0 994 0 0 0 994 0 0 0 0 0 0 994 0 0 0 994 0 0 0 0 0 994 994 0 0 994 0 0 0 0 0 0 0 994 0 0 0 0 0 0 0 0 0 0 0 994 0 994 994 0 994 0
0 0 0 994 0 0 0 0 0 0 0 0 0 0 994 0 994 0 994 0 0 0 0 0 994 0 0 0 0 994 0 0 994 994 0 0 994 0 0 0 994 0 0 994 0 994 0 0 0 0 994 994 0 0 0 994 0 0 0 994 0 0 0 0
0 0 994 994 0 0 0 994 0 0 0 0 0 0 994 0 994 0 994 0 0 0 0 0 994 0 0 0 0 0 0 0 0 0 0 994 0 0 0 994 994 994 0 0 0 0 0 0 0 0 994 0 0 0 994 994 0 994 0 0 994 0 0 0
0 994 0 994 0 0 0 0 0 994 994 0 0 0 0 0 0 0 0 0 994 0 994 994 0 0 0 994 994 994 0 0 0 0 0 0 0 0 0 994 0 0 0 0 0 0 0 0 0 0 994 0 0 994 0 0 994 0 0 0 0 0 0 994
